rrse= 1.1890438960129446
rae= 1.1876094705155245