rrse= 1.135374476522785
rae= 1.0902311173561823