rrse= 1.3602180423306602
rae= 1.2408472940397228