rrse= 1.112057241895614
rae= 0.9732636163003909