Data: [0.0, 0.0, 0.0, 0.13, 0.1431, 0.150597, 0.41282638999999993, 0.566448049, 2.537714101, 2.865722125, 3.364957682, 3.933320954, 3.9268482690000006, 4.063217405, 4.254053105, 4.388183642, 4.207255616, 4.208202725, 3.78280904, 8.876470453, 10.06447161, 10.7117385, 11.67292655, 12.097808, 13.887267059999997, 15.521162210000002, 15.76603297, 15.363435669999998, 17.03019503, 16.4993726, 15.836651240000002, 14.97510247, 14.350455509999998, 13.39775958, 12.50840045, 10.95272523, 9.604035767, 8.152094179, 7.400783925, 6.802581178, 5.840121271, 4.718703716, 4.467866806, 4.278077582, 4.508924953, 4.911419838, 5.06632264, 4.643745482, 4.084113676, 4.03792164, 4.185211158, 3.88221539, 3.7130527369999995, 9.029414767, 10.37325815, 11.21151945, 13.03960904, 14.0237014, 18.97867348, 25.58878814, 27.0602277, 38.23271647, 48.73097487, 49.71747818, 49.67380682, 49.02428839, 47.44899315, 43.91775763, 48.99211295, 55.49926934, 61.91073201, 62.75372645000001, 68.96980966, 80.07519026, 80.65777709, 95.26237192, 100.2086361, 95.5340148, 103.1108352, 121.7666485, 116.143881, 117.3690738, 121.9106751, 117.1607961, 116.581081, 118.9819051, 115.3131895, 116.74194990000001, 129.1355757, 138.4657717, 167.4589749, 196.5890885, 212.6185182, 236.10644930000004, 258.1123938, 273.8743721, 277.1639213, 306.1095981, 310.8874191, 315.7108356, 304.1105853, 307.3270424, 280.6820426, 276.0910815, 279.3164841, 312.2398518, 334.1436873, 347.1828286, 355.7725709, 371.0201618, 370.7123888, 390.8540214, 392.0158701, 419.9110579, 420.3193951, 410.3973168, 409.2955268, 391.42505, 370.5388693, 333.4651407, 322.6648307, 308.2746068, 296.195167, 282.9978163, 294.0102661, 284.6411629, 277.0497352, 261.7759582, 250.7762802, 231.10328149999998, 203.9144843, 208.4971322, 238.8466014, 254.2357257, 257.8488657, 243.5752258, 264.0216931, 264.9628628]
Forecast: [260.6879671940104, 267.13106965585047, 286.3759234180233, 287.1179177706428, 298.0295213204361, 284.41059164978424, 287.51147516286005, 280.5445147169813, 287.4065532481229, 301.04084040056415, 299.622114729683, 299.2865299522465, 300.2560054380592, 300.36503604286725, 288.97697476277995, 290.9279511687592, 296.38682193471493, 312.6217094781245, 312.79071693677224, 315.6091029544861, 333.1843504215711, 324.49424544474164, 336.07045466648987, 349.9507120574434, 361.4875129286946, 352.3081982505585, 356.61821413492356, 384.14167754213076, 392.58974559960114, 397.21938750789565, 391.8374795218044, 379.334309735282, 381.09350551630587, 365.76125208609227, 337.1903733466666, 341.1825670222553]
95% Confidence: [3.489677314451591, 4.143925141582216, 3.688485302607436, 3.2957296060137518, 5.929347878213947, 6.184553274515129, 6.5008092800737565, 5.91973614269559, 8.420277247362437, 8.905707861974722, 7.445915645937606, 8.697232551982871, 8.110319328174862, 8.414930000185572, 9.575119793141761, 9.903497921930695, 7.854902547285429, 10.329840280879798, 8.50417109300392, 8.036956349557684, 6.894365497932205, 4.527430022269335, 6.104732105273945, 6.780862151817949, 8.310008085448418, 4.312613566082897, 4.281610493139433, 4.780386129970351, 4.102212307620314, 4.625512862670689, 3.7139896360857882, 5.420500157205815, 8.133923940529545, 8.669653126463189, 10.64014111284387, 10.642679293714645]
Variance: [0.07541869373791744, 0.10634871177622891, 0.08425671028507688, 0.06726847224136022, 0.217732022158344, 0.2368781812391684, 0.26172379728070744, 0.21702669735571842, 0.439097657311809, 0.49118526643771093, 0.34335604802018627, 0.4684579979875047, 0.4073655766627766, 0.438540179391915, 0.5678019529705697, 0.607415082287463, 0.38211143054547214, 0.6608388670965518, 0.44789106045657545, 0.4000291613651765, 0.29437234266252804, 0.1269439073163514, 0.23080312518136722, 0.28475957958020115, 0.427672516043319, 0.1151833031101528, 0.11353316993521488, 0.14152540704720665, 0.1042184493359982, 0.13250375013900426, 0.08542594352174403, 0.18196467333070504, 0.4097402280673636, 0.4654916165306682, 0.7011375283767309, 0.7014720738466086]
