Data: [0.0, 0.0, 0.0, 0.0, 0.0, 0.13, 0.1431, 0.150597, 0.15282639, 0.280248049, 0.286520101, 0.283569345, 0.272406584, 0.384187901, 0.37326545, 0.35223728, 0.322744809, 0.416519241, 0.388420652, 0.351479303, 0.43768770999999995, 0.402144644, 0.358091546, 0.307701011, 0.253118499, 0.196400684, 0.26946263, 0.487134502, 0.598425152, 0.580633982, 0.67720291, 5.453798857, 5.889121245, 6.234237756, 6.257815483, 6.091300973, 5.888698885, 5.42969604, 4.853702597, 9.129697421, 8.90420184, 8.434129762, 7.758040999000001, 6.916819882, 5.95221628, 4.90550655, 3.816302597, 2.721529961, 1.65458869, 0.644703885, -0.283533556, -1.110441246, -1.82134493, -2.406517897, -2.860978031, -3.18416281, -3.3795042280000005, 1.356073624, 1.877411481, 2.290293209, 7.4031779669999995, 8.21267891, 8.594849392, 8.680957344, 8.75802578, 8.4946466, 7.902765938999999, 7.132990366, 15.976202639999999, 15.955807609999999, 20.26877785, 19.97238773, 23.94646499, 32.62474058, 32.05644639, 45.01328823, 53.84404723, 67.20640892, 99.78634218, 129.0746918, 134.3019658, 150.4174534, 169.6588686, 177.8163762, 187.9636418, 186.2772716, 205.4412202, 205.1855374, 202.0298567, 186.8388484, 178.2917755, 158.9606566, 137.9038299, 116.055571, 94.05047082, 91.67436655, 77.9056417, 79.82662009, 75.22070204, 72.04875473, 79.98253951, 85.46346963, 77.97240265, 65.09127028, 65.97551305, 74.75206614, 78.63840194, 83.10695211, 97.71543869, 103.7616135, 94.99032234, 113.2364507, 118.65087259999999, 127.9043262, 127.21530470000002, 134.6187262, 136.8732437, 147.7461122, 139.4093104, 128.8339095, 126.3110315, 142.7211102, 137.0585478, 139.7204852, 147.0746144, 159.7710921, 148.9147893, 140.5966732, 135.9224684, 140.5880101, 131.8193573, 141.332989, 128.525268, 114.18256090000001, 98.9886478, 83.61446653, 73.2492694, 69.0731139]
Forecast: [65.28414112540287, 66.12231018520752, 69.3709752628378, 73.93445579358884, 80.85553898067727, 83.26692277919693, 88.42317141804418, 87.20750576188375, 100.50518092984362, 111.09070444539483, 112.82526873328207, 125.72670594830376, 133.58507125640432, 144.30020463065955, 147.40649417546808, 147.43770732014536, 144.34958972774996, 151.38999676274253, 150.31190037840508, 152.5749819426421, 146.37407257718252, 137.8977139440241, 134.71271192609456, 139.84045974335044, 141.8253047154506, 133.6084596857231, 129.8237220119055, 138.11490796016406, 135.40978508180197, 139.23610762785341, 148.48314562019317, 148.44598128355312, 148.10191422229695, 148.86975268325742, 145.96204437314142, 150.09819625878652]
95% Confidence: [2.697026854162189, 2.2159494019898016, 3.5930899298126886, 3.4417298267688334, 2.7294119076219974, 4.409355296976523, 4.7118589151880155, 4.706285795348376, 5.054195952083066, 4.931498920205675, 5.534979326900553, 5.992019542785731, 5.636790935286615, 5.625377213406847, 4.702086439599941, 4.7485426257282, 3.6017251277185744, 4.663232640992564, 4.2923140403827, 4.784589200554776, 4.782125991792913, 3.390674783579822, 2.7448707716210206, 3.2173310110998585, 4.8839907904877995, 5.0915726672943284, 3.522285975486354, 4.828506793094998, 5.08355394124107, 5.82831048682063, 5.016578923821864, 5.989401355066505, 5.1371582926127015, 6.2174331836273735, 4.652746114208336, 6.263963989253623]
Variance: [0.09216601584020262, 0.06221856852283389, 0.16358234631755217, 0.15009071058381376, 0.0943927082974175, 0.2463488106649641, 0.28130971962879314, 0.28064469726946095, 0.32367142388640185, 0.3081471960771198, 0.38817916673776454, 0.4549322150669546, 0.40259103786386524, 0.4009623716542053, 0.28014405305425916, 0.2857070083789485, 0.16436957006309627, 0.2755335247386932, 0.2334442533982662, 0.2900611756692076, 0.28976260201122356, 0.14567082073570944, 0.09546497493780844, 0.13115707725329806, 0.3022386233276045, 0.32847639339384616, 0.15719888742954516, 0.2954105087643941, 0.3274425545990949, 0.4304132525206053, 0.3188714050956511, 0.45453481840714505, 0.33438446389674037, 0.4898042024623453, 0.27429567814975714, 0.4971629764554939]
