Data: [0.0, 0.0, 0.0, 0.0, 0.0, 0.0, 0.0, 0.0, 0.0, 0.0, 0.0, 0.0, 0.0, 0.0, 0.0, 0.0, 0.0, 0.0, 0.0, 0.0, 0.0, 0.39, 0.4293, 0.451791, 0.58847917, 0.593844148, 0.580857304, 0.551743425, 0.638988631, 0.598339657, 0.673805392, 0.6215103909999999, 0.555799578, 0.479985859, 0.397353937, 0.311064588, 0.224072237, 0.139056954, 0.188371491, 0.257103429, 0.34124907, 0.306742675, 0.26648464, 0.222257868, 0.175786038, 0.25868781, 0.22553877, 0.318938471, 0.293430048, 0.261669566, 0.225235045, 0.185686925, 0.144523009, 0.103139794, 0.062800707, 5.094611508, 5.570402883, 5.831503034, 5.8915480790000005, 5.898842177, 5.6284416, 5.216227833, 4.688748607, 4.073354846, 3.527299816, 2.830031294, 2.117588685, 1.412862677, 0.736223389, 9.725161329, 10.12345063, 10.30820749, 10.06524244, 9.804616614, 9.205914876, 8.290905865, 12.02867058, 16.14179871, 15.65936006, 24.37538447, 24.21854491, 28.19083296, 32.19016721, 30.92386303, 28.85647337, 26.13012847, 23.02251421, 19.43498595, 20.563160940000003, 17.1616236, 13.58539129, 10.08922047, 11.34999011, 8.574183094, 10.65873128, 13.22506271, 11.43800912, 14.29652061, 12.74028534, 11.08746503, 9.167302801, 7.164137712, 5.146365000000001, 3.17597861, 1.3073515, 9.206366556, 8.63928911, 17.48974074, 17.53045498, 26.66118414, 26.67900487, 25.89467338, 29.22193483, 27.6398121, 25.51670727, 22.74041171, 29.17953336, 26.69935684, 23.66621726, 25.03640513, 26.75848205, 33.45559682, 30.97933221, 27.8213141, 24.14445837, 20.11095446, 20.68747232, 16.88571421, 12.95756049, 13.84349533, 15.46553182, 17.47139871, 15.05253695, 17.23398526, 14.98026918, 12.50251663, 9.897463836, 12.06599241]
Forecast: [11.425908357532967, 11.089996714294742, 12.154015369524096, 12.609713138242103, 13.798940898279396, 13.805194423991141, 14.251780111797213, 14.322121308455056, 15.762847088112338, 17.62210044539485, 17.73717249728325, 19.41894018620671, 20.256196746462557, 21.751906092589856, 22.94115479077127, 23.126026638733734, 22.483923552259792, 23.52987956849138, 23.62225866036713, 23.091757876183873, 22.801866279621567, 21.53567488705631, 21.42354813410804, 21.967507159690715, 21.77083018666016, 20.759589613386414, 20.259377350260465, 21.019751039401392, 21.233732890023315, 21.172314333925808, 22.543355975828952, 22.187559077999676, 22.307917512752184, 22.550762096522007, 22.018380867585506, 22.270276711943854]
95% Confidence: [0.17581720673608278, 0.21502196539447138, 0.294741549984826, 0.24927570981119399, 0.3380400429779879, 0.37762837161143653, 0.4378587503458036, 0.30796510968551927, 0.28800984317505396, 0.3730360321407306, 0.39392335764424624, 0.5586754251066958, 0.4964009600522085, 0.5805019447743993, 0.637944995388144, 0.6359348712363204, 0.5698988935162916, 0.6333000924514597, 0.5033892837593116, 0.8039169901673984, 0.7563984952366906, 0.5978734380683539, 0.5697132544349052, 0.6181050444601244, 0.8525535570679736, 0.5562106441110335, 0.5159080817309213, 0.6804643214614954, 0.7322245977385924, 0.6825421830021968, 0.80879065479182, 0.6035175765438201, 0.6217438571084621, 0.7117745740993364, 0.44378035038886743, 0.7928367860236996]
Variance: [0.002405148082352562, 0.00359736721615234, 0.006759300584669999, 0.004834804815456099, 0.008891096054419605, 0.011095536777419151, 0.01491719500195869, 0.007379418327707778, 0.0064540704655342805, 0.010827312569071306, 0.012073758224567615, 0.02428500480957545, 0.0191727442686379, 0.02621961961072807, 0.03166543771811365, 0.03146620597992042, 0.025270548375576855, 0.03120600202330019, 0.019716368751283877, 0.0502853444870063, 0.0445164339904907, 0.027812345987865406, 0.025254087239761986, 0.02972649390892643, 0.05655388054240104, 0.02407119893906962, 0.02070922080453397, 0.03602713823444013, 0.04171647910959107, 0.036247498959216966, 0.050896904990477713, 0.02833993580917226, 0.030077523297275678, 0.03941885663469973, 0.015323401229557719, 0.04890875108995705]
