Data: [0.0, 0.0, 0.0, 0.0, 0.0, 0.0, 0.0, 0.0, 0.0, 0.0, 0.0, 0.0, 0.0, 0.0, 0.0, 0.0, 0.0, 0.0, 0.0, 0.0, 0.0, 0.0, 0.0, 0.0, 0.0, 0.0, 0.0, 0.0, 0.0, 0.0, 0.0, 0.0, 0.0, 0.0, 0.0, 0.0, 0.0, 0.0, 0.0, 0.0, 0.0, 0.0, 0.0, 0.0, 0.0, 0.0, 0.0, 0.0, 0.0, 0.0, 0.0, 0.0, 0.0, 0.0, 0.0, 0.0, 0.0, 0.0, 0.0, 0.0, 0.0, 0.0, 0.0, 0.0, 0.0, 0.0, 0.0, 0.0, 0.0, 0.0, 0.0, 0.0, 0.0, 0.0, 0.0, 0.0, 0.13, 0.1431, 0.150597, 5.09282639, 10.39804805, 15.970806099999999, 16.80716416, 21.8656715, 31.68235795, 32.16690502, 36.57799023, 35.78062722, 38.82958169, 36.60875326, 38.32174508, 35.01378536, 35.79620805, 31.72650224, 27.11197193, 31.8955355, 27.743876650000004, 23.175067379999998, 18.36788702, 18.30038809, 13.990627399999997, 9.692123963, 5.532707149, 1.623250803, -1.943957434, -5.096126123, -7.78019416, -5.152449568, -1.522905949, 2.899370487, 3.092438165, 7.983425930000001, 8.445812141, 8.608585366, 13.306823710000002, 13.4360335, 17.95924132, 22.73135111, 27.35430939, 26.99434256, 30.670542129999998, 29.35900548, 32.10785234, 29.91857894, 27.050675510000005, 28.46804216, 25.189630879999996, 21.4833718, 17.50323747, 13.39601945, 9.297642655, 5.460174256000001, 1.87264747, -1.5123060619999997, -4.513395059, 2.541026696, 1.413775474, 0.35683611]
Forecast: [0.8656185171496206, 0.9246997441135096, 1.351348152186668, 0.9064955743509505, 1.0263511736644166, 1.1148075689983425, 1.2498676283404333, 1.688549808677877, 1.5527209268048225, 1.4914565476210704, 2.4338039873152733, 2.1057950760103825, 2.146655208990429, 2.8344367572689375, 3.1377569906589997, 3.249420977568236, 3.893901110109393, 5.070680693253196, 5.954034203142011, 7.182938073416129, 7.451930778590182, 7.468261350265759, 7.751412540732519, 8.294307421767533, 7.711072719068349, 7.553706391422901, 8.519820211297704, 8.40781137529838, 8.231857913139532, 8.670274513389138, 8.83215454531609, 8.086243649032301, 8.122424451804605, 9.324293542069878, 9.144496401210603, 8.874591813207726]
95% Confidence: [0.556131104756358, 0.4684017276803107, 0.3830257575972108, 0.3931021785768798, 0.1275782064679452, 0.16623360703784856, 0.21189439664103596, 0.20717201454133188, 0.33355741599672095, 0.31253872653696596, 0.4679187364421379, 0.2608297337596878, 0.5366217448344599, 0.4918934508937106, 0.5891495010606352, 0.5956292718774598, 0.5965975687772288, 0.7389426736360266, 0.7035450862153505, 0.7965595215044854, 0.7494790139453662, 0.8378399393130764, 0.8056518785748134, 0.9195585417813334, 0.9543257381220585, 0.8513031573442452, 0.9177551719801056, 0.9743344348975571, 0.8975290640542704, 1.072350194553216, 1.0602765708106086, 1.083354482348476, 1.0525599938140333, 1.1125146986430636, 1.067156700716817, 1.211814023064199]
Variance: [0.02073382778380827, 0.014708287425798097, 0.00983515363867413, 0.010359432699002295, 0.0010911340330208605, 0.0018525192326839834, 0.0030099830956222826, 0.002877314253809712, 0.007458754408538638, 0.00654836329793743, 0.014677971643202208, 0.004560781835009306, 0.01930463741716606, 0.01622061283108441, 0.02326891701549343, 0.023783580143736736, 0.02386096867695699, 0.036605526592649394, 0.03318248982906855, 0.04253648071448158, 0.03765685795309139, 0.04705949241362026, 0.04351309507342839, 0.05668705085989523, 0.061054602918497826, 0.048584028436626264, 0.05646493401662166, 0.06364163558682048, 0.054003535665109195, 0.07709006300579904, 0.07536391448453622, 0.07868036120060927, 0.0742709280228311, 0.08297297476016248, 0.0763451531699716, 0.09844577229515501]
