Data: [2.0, 2.0, 2.0, 6.68, 7.8016, 8.396992, 12.96093504, 14.11965572, 14.71891467, 21.75668028, 26.18796892, 27.45048963, 26.82324358, 27.20402483, 27.1806072, 26.79411313, 25.05244506, 23.20337046, 24.36310219, 21.92596769, 21.56476761, 20.76274451, 18.55804138, 16.51706733, 13.57467866, 11.9092885, 9.793158694, 7.574847112, 7.481121275, 7.932334383, 6.810456149, 6.066452054, 6.914854807, 6.12097164, 5.242847641, 5.195250612, 4.386555768, 3.877133736, 3.322339894, 2.71335524, 3.083868394, 8.174814181, 9.051420964, 9.808824439, 10.69622283, 11.4739947, 11.21976955, 10.74437382, 10.86418645, 10.78609222, 10.76222465, 14.4578771, 15.37022799, 20.83023695, 22.3293379, 21.69864863, 21.09006882, 24.79964493, 57.93427408, 60.51741209, 61.45671394, 60.91838418, 58.57633588, 54.07120233, 50.79444606, 45.49153204, 39.10416346, 31.94240684, 24.85855367, 17.46732921, 10.45120732, 4.013161394, -2.071474778, -6.935503089, -11.08506348, -14.36711592, -17.15994964, -9.248701504, -3.831117133, 2.089642314, 3.775636547, 11.01976226, 12.66888254, 18.64302431, 19.82046117, 20.21554051, 20.51464571, 24.99840101, 24.18382875, 22.72519886, 21.12067599, 18.87298512, 16.18387379, 32.77815738, 31.859667889999997, 34.91723731, 37.76153267, 40.32855251, 42.6990138, 49.92145854, 47.41401505, 48.24489546, 43.97534096, 39.23348169, 38.71880389, 38.06402975, 37.76281214, 47.46883192, 43.34018477, 53.07419679, 49.3925817, 49.55735067, 44.14892223, 44.74686896, 43.71261495, 52.26040789, 56.8356093, 51.74822229, 46.13712732, 44.63302802, 38.10034781, 31.00792519, 34.12450707, 34.82569555, 39.02199432, 33.92800338, 33.65557144, 29.34071554, 35.47712377, 41.33557747, 39.05811847, 35.31666181, 31.45985097, 32.38492568, 33.68594515, 29.82628432, 37.33780104, 34.28803206]
Forecast: [35.01487918989755, 34.88414295091019, 38.129302857434716, 38.37659911672406, 40.67681331246414, 40.18087277102337, 40.58516607337126, 40.75854452468846, 42.89353434218463, 45.613701616727376, 44.82082973507042, 45.842499192719266, 46.93999493635966, 45.896493369314214, 45.517186110287504, 45.037747859590304, 44.66828336532008, 46.745974884966984, 45.81311742267394, 45.122361935924545, 46.62622429968439, 45.575158419567806, 45.20778555859715, 47.74214912761577, 49.36739215865175, 48.95656021280168, 48.71620553863089, 52.887252017485075, 54.82762469737521, 55.459067178193436, 55.58584726312907, 55.85783651729131, 56.20230397892355, 56.04903231426373, 52.78719062482106, 54.48146854405977]
95% Confidence: [0.7155713101320613, 0.7910489714950069, 0.930495217067013, 0.9800900038322105, 0.831395847512103, 0.5318701127522713, 1.2173698442650571, 1.4588921333469569, 1.299700317671694, 1.228885389089773, 1.413120484111267, 1.5235688416579858, 1.0003293491236083, 1.1257001686503578, 1.2305589704623523, 1.1806260332611358, 1.0653157043301793, 0.9594109713963478, 1.0426980877257372, 0.7285347546825686, 1.049470826570378, 0.6160340277494631, 0.8022070201072355, 1.1889241121734657, 1.1696303060159603, 0.7669125397297317, 0.941816903474871, 1.117594288310159, 1.1936452829360706, 0.9243270623550177, 0.955726345047471, 0.7852015102313892, 1.0717426231114435, 1.1507349770648807, 1.5534358587237183, 2.0732799957798416]
Variance: [0.021688241281750127, 0.02650484238437787, 0.03667303150443896, 0.04068650743526356, 0.029277512837062907, 0.01198201127440307, 0.06277165729862805, 0.09014982305091201, 0.07154922385634492, 0.06396483524941955, 0.08458178806160804, 0.09832019408234031, 0.04238425314217024, 0.05367400900255135, 0.06413917618173406, 0.05903957870772991, 0.04807011564355103, 0.03898772432540278, 0.04605063908531264, 0.022481178441093652, 0.04665080888952584, 0.016074147389909713, 0.02725783595273683, 0.05987240579928451, 0.0579449719238361, 0.024912090799555423, 0.037570889452209606, 0.052903801699657395, 0.06034886351259504, 0.03618843554381607, 0.038688834225319185, 0.026114444400613397, 0.048651869756703096, 0.05608789185493377, 0.10221275891023833, 0.18206836805704926]
