Data: [11.0, 45.0, 59.79, 73.3173, 85.182351, 97.32542637, 108.4244314, 109.940803, 108.7473134, 110.9307533, 110.8379266, 104.7792448, 95.24305381, 87.28319032, 77.15081747, 69.71715738, 59.70534858, 53.9335602, 48.30094386, 39.95256083, 34.06043928, 27.49571671, 26.14259489, 20.27050741, 13.70751345, 10.96959349, 8.736377717, 8.33439219, 7.722573451, 11.09025938, 16.47846894, 16.74350347, 17.24972945, 22.95784094, 28.52640606, 31.832322480000002, 33.73267759, 34.43101685, 34.88659169, 39.46001129, 39.68228859, 43.80186951, 47.77543625, 47.56838322, 45.66498401, 48.94197519, 52.673008, 50.81074729, 49.18039023, 45.93765717, 45.4910677, 43.51440515, 40.1199767, 41.75139179, 42.81712362, 40.37176856, 40.85979594, 37.93322671, 40.80131761, 38.34855988, 36.20062113, 33.08145762, 31.96176674, 32.11519194, 29.879818860000004, 33.38158852, 38.71173357, 36.3075121, 34.06448741, 37.38383057, 40.1997245, 42.2680373, 39.7514777, 37.98402973, 37.89380567, 38.20578984, 36.3604019, 38.87874069, 40.96888339, 39.70094531, 39.05877269, 40.37905414, 44.03593583, 44.08605127, 40.89857363, 40.31288654, 40.07638157, 37.91123565, 36.22526725, 38.68113767, 40.42098692, 38.46422164, 35.97920623, 38.23331618, 40.62501565, 42.61879471, 39.36463201, 39.61494663, 37.18178138, 36.97647922, 35.1924129, 37.63098082, 41.53676253, 38.95586319, 36.17437789, 38.94580978, 43.69172419, 43.02229543, 40.95914068, 40.45352719, 37.52486924, 37.033331, 34.56994665, 37.07580234, 39.16879839, 38.40743089, 35.80997721, 38.13796958, 43.68902362, 42.49430155, 41.64422265, 40.00982495, 38.76857228, 37.0283877, 34.93136995, 38.23611288, 41.06329813, 39.23586591, 36.42410093, 38.64078942, 42.38658539, 42.85620419, 42.51317499, 40.12905346, 37.63947248, 37.26966542, 34.8087491, 37.69966195]
Forecast: [39.20648127119679, 40.52956654698649, 44.54251439201846, 44.76401268888567, 48.43816226136206, 49.25653464607084, 50.85369344246361, 50.70280456699806, 52.25417203949185, 59.455175924535936, 59.65159825636281, 62.67447360853372, 67.05832754055395, 68.9674465496213, 74.29404436335989, 74.28493304369591, 71.88171338452057, 74.7731688603192, 76.87783080679013, 70.14209930354134, 69.7217752171565, 66.08787281651942, 67.43921772964133, 67.62174166238717, 66.90695929594787, 63.30831862808868, 62.748706399438895, 63.513369604444925, 64.27091831020681, 63.52094033087108, 67.93456804550875, 67.84484997836772, 69.8775272099028, 71.81170565404011, 70.65711367215233, 69.03629718217636]
95% Confidence: [1.0482760681931529, 1.5499596355804535, 1.5010878483920542, 1.345018066965548, 1.3322183943520718, 1.5079332190562267, 1.991517605331743, 1.7494401152367547, 1.4856486494485859, 1.4821905796486916, 1.874840189652154, 1.9605856916657567, 1.965815361039282, 1.8119734063684199, 1.7993157881877486, 1.7349020063026874, 1.353604766695125, 1.470671979738331, 1.4526318932705935, 1.076877256037987, 1.1403826127392984, 0.9742112631117811, 0.8541723746466058, 0.9724650783675827, 1.4762347280146664, 1.4262965511132382, 1.1141007863609924, 1.4318058869228387, 1.3081206936202632, 1.4919036935461774, 1.1477773982934039, 1.2151690543393203, 1.394428731187774, 1.362479191221329, 1.197537981325747, 1.4681007428484003]
Variance: [0.02578619200522912, 0.056373714069938276, 0.05287472936488646, 0.04245140141655195, 0.041647289385618985, 0.05335806634399618, 0.09306882127396765, 0.07181811737126305, 0.05179264263703248, 0.051551818402799855, 0.08248300242556306, 0.09020019988597891, 0.09068204852205401, 0.07704413852867313, 0.0759714984206007, 0.07062945753370684, 0.04299516641427109, 0.050753685572084054, 0.04951616546666254, 0.027212492766319187, 0.03051666273081807, 0.02227112609268179, 0.0171209119604872, 0.022191356071642018, 0.05113834960506141, 0.047737053150641834, 0.02912627268463918, 0.04810654641589757, 0.04015424886918918, 0.05222969247061658, 0.030913717784547844, 0.03465048223905648, 0.0456276965634475, 0.04356077550954386, 0.03365227542526412, 0.050576362897825175]
