Data: [1.0, 1.0, 2.04, 5.1348, 15.636076000000001, 17.62814212, 19.88215736, 20.53430636, 20.88521127, 20.88446935, 20.07726754, 18.86846789, 17.07449416, 15.91768298, 19.34902243, 18.00675727, 17.0585159, 15.99334319, 13.814887450000002, 13.83983067, 12.87708464, 15.72430068, 14.3350661, 13.42470298, 12.4726351, 10.86159494, 9.725810956, 13.46183104, 22.19039418, 22.13038919, 27.28247302, 36.21087427, 41.31010917, 40.94011731, 39.16892111, 37.1397769, 34.9593538, 41.9281924, 41.20230137, 49.2029304, 56.41740861, 58.89791675, 60.22343657, 61.51970131, 72.39074853, 78.03296858, 83.19997757, 83.23428633, 86.56813562, 80.40155592, 103.3195875, 97.67622831000001, 104.1669182, 96.57353153, 96.20227759, 109.7420807, 120.10564109999999, 120.71967619999998, 115.72071759999999, 108.83003320000002, 119.7235163, 143.1359456, 146.8630536, 149.9115592, 163.7178675, 165.7620089, 153.7788759, 171.7606899, 196.9215018, 227.4485875, 247.769507, 267.9952493, 310.0585599, 400.9037827, 480.0273697, 544.3177769, 614.4296101, 689.0373716, 812.8532359, 944.2119166, 1042.008372, 1128.19493, 1205.106985, 1242.514625, 1279.346062, 1278.243973, 1295.794774, 1270.256652, 1251.574643, 1185.593595, 1228.332844, 1286.858183, 1271.435242, 1271.891538, 1258.155459, 1276.578323, 1321.341552, 1382.748211, 1390.531758, 1382.490997, 1396.239583, 1348.476122, 1290.534724, 1252.151424, 1271.291912, 1288.279593, 1264.990118, 1267.419887, 1246.804083, 1218.575737, 1151.422953, 1160.082759, 1106.194101, 1076.768487, 1032.502379, 1024.84781, 1029.683264, 1086.804675, 1086.629805, 1092.933527, 1140.118871, 1169.652115, 1176.892471, 1252.232017, 1321.600648, 1401.524397, 1408.180039, 1423.574715, 1441.912682, 1434.399472, 1468.355599, 1463.995446, 1476.691444, 1446.747099, 1354.904776, 1260.569541, 1206.900744, 1139.721805]
Forecast: [1052.0940328896652, 1062.209727548185, 1040.3813456454902, 924.4785349260018, 950.4353855913815, 805.1579101030314, 756.0222224400657, 767.5638033357775, 866.3988438137449, 845.2752193864327, 915.2395842680173, 1048.9349907329329, 1012.4709428174882, 1150.3931337813199, 1175.8090278532563, 1224.0544167946666, 1237.638007610308, 1421.83487190748, 1382.1255245197199, 1379.5072629210931, 1421.832759483425, 1333.7942303334023, 1326.030279771891, 1376.1184946483686, 1394.5214929280505, 1254.2634890652926, 1185.0304629951172, 1211.4508147052534, 1209.446124276964, 1184.0287339046552, 1239.387798869282, 1173.4527948551306, 1212.272723698025, 1269.8792318219398, 1194.2277812956825, 1263.9187632974697]
95% Confidence: [20.617327541574873, 36.52454355954339, 44.00367169484424, 42.508636576473435, 52.46422434459828, 53.998779396333234, 58.707471635027574, 75.72777284745636, 71.37285112584378, 89.43802108873477, 46.53089276769018, 81.59264318122459, 90.99717707894474, 60.70364635384487, 78.54236335780834, 67.35312819316187, 68.49702782341548, 75.55684803543555, 65.34940595923104, 39.1183527495116, 44.43295036968718, 53.99422448196442, 34.02724024248822, 31.417986702169248, 33.142338104261015, 38.46525339415354, 44.65774199511304, 44.78241902319839, 28.096265888777026, 25.384856841418475, 49.287380614318295, 38.995139015172754, 39.82511262686307, 79.79241779793502, 32.81252764700214, 63.69679170789585]
Variance: [0.749312122557079, 2.351622900804134, 3.413311449604146, 3.185315430917621, 4.852042765360512, 5.140034171472607, 6.075539249153834, 10.109005315678596, 8.979748937460577, 14.10075925877161, 3.8166369457688325, 11.735460440742921, 14.596674185399532, 6.495723910934048, 10.87441796718493, 7.996751794812725, 8.270684785041198, 10.063423853002693, 7.528030202065975, 2.697486268078077, 3.4802341026322776, 5.139167403724738, 2.04104000647582, 1.7400221572667887, 1.9362632232324546, 2.608166384579679, 3.5155364080856386, 3.5351939166999387, 1.3915386312008693, 1.1359194189041848, 4.282226347248987, 2.680520002838011, 2.79583862103473, 11.223319319314157, 1.8979179475480294, 7.152094360442531]
