Data: [233.0, 221.0, 217.86, 227.2282, 224.732734, 233.4848326, 251.78717629999997, 261.6956704, 257.122445, 258.5528687, 257.003664, 247.8592699, 237.7435371, 231.4370714, 216.4381402, 203.4959579, 194.33311510000001, 185.9165631, 188.4041694, 197.45089, 198.0694119, 192.5239992, 184.5874078, 175.9168533, 172.18584859999999, 181.43236899999997, 186.8312662, 178.6753358, 184.6147383, 187.0117584, 241.7787238, 276.5856309, 291.7342783, 313.7260327, 318.4468307, 329.9121439, 335.4935615, 340.91203050000007, 370.6712917, 405.884488, 481.57983, 596.8682429, 655.1317673, 685.8749862, 692.6076336, 715.5787873, 697.135462, 681.3824053, 679.7531822000001, 688.4342859, 710.8442507, 720.7578914, 691.5474314, 721.7315944, 740.5853933, 729.2462505, 749.6636344, 719.2693709, 709.0064527, 699.2296327, 700.2936057, 698.7423732, 686.2439928, 718.5681306999999, 721.5928108, 757.0772386, 822.3509065, 825.8966804, 850.6409764, 818.4016136000001, 784.2241387, 795.1676871, 837.49185, 817.4888412, 830.9514678999999, 866.769288, 855.0422474999999, 899.4966435, 895.1707007, 893.0122311, 925.3792415, 905.9781737, 919.6878674, 927.7959557, 959.3593566, 966.8056366, 976.6031195, 999.9627606, 1036.677555, 1118.010543, 1134.549916, 1091.678854, 1105.224533, 1072.418908, 1090.871278, 1110.472273, 1110.209, 1109.595784, 1083.106017, 1105.892046, 1149.90271, 1224.665227, 1187.741535, 1137.167966, 1107.096716, 1058.359689, 1000.965573, 994.0319027, 984.0406419, 945.5672878999999, 953.6042507, 1026.84939, 1084.894533, 1210.608326, 1227.37249, 1188.209063, 1192.945707, 1179.420315, 1202.564853, 1231.087991, 1236.556176, 1193.410857, 1147.097745, 1077.303011, 1012.09866, 964.9917847, 867.9758432, 795.9122206, 714.8775937000001, 632.0001016, 594.7303557, 567.7256737, 535.3896897, 521.3156134, 505.7494764, 527.9674687, 566.1746378, 637.6958508]
Forecast: [598.7347892645173, 615.1869216216545, 658.2643962001133, 661.0538163897858, 723.0325867295122, 711.8172690583792, 733.7831975810109, 752.4363303190098, 786.520235421587, 849.8313618562431, 852.8622379604474, 895.4588644356079, 903.3037494096651, 899.6545663253003, 934.9870255158405, 927.7402524912414, 902.1028084232855, 966.077348986971, 959.9616450907002, 924.7978217769756, 932.6629017817355, 902.6743130512705, 899.9475416794711, 939.8214505298711, 939.1716717317905, 911.1334512584496, 918.1176151794234, 945.432278658577, 967.2842600371714, 968.1702617308789, 1015.8527192409697, 992.088769645383, 1030.4573379590322, 1034.0730592042037, 1024.5608312208253, 1046.6764535659277]
95% Confidence: [11.862022761586593, 6.236463523435347, 13.272634600488827, 9.305068265917786, 11.976802536052555, 12.465031453206405, 14.782286849999116, 8.551801451813377, 15.190501480075792, 18.01756278394273, 14.900554919857308, 17.926160001278312, 29.357236055288315, 30.6013678737545, 44.089538592012765, 39.56307397660464, 36.218011747502004, 44.66461328131038, 33.69901103430069, 44.17369069531453, 40.55002318464071, 28.48380097740126, 26.324703903288157, 30.32010001742372, 31.42517218960011, 24.37262662326488, 14.291427603800745, 19.137325182604194, 19.986732596224666, 24.7428696205675, 16.691238940998673, 17.358269196647825, 11.457335582413316, 9.616055155227073, 8.549357687263258, 16.704908820927947]
Variance: [0.2962044062498699, 0.08187489362820424, 0.3708414504232616, 0.182269138424651, 0.30196442306616156, 0.32708513070156614, 0.45999944907180873, 0.1539533878628011, 0.48575610986704426, 0.6833860308998264, 0.467389404011881, 0.6764701167622721, 1.8142799671064784, 1.971313288610358, 4.0920897852469125, 3.2949892401115, 2.7613612352043315, 4.199533947439961, 2.390607632761555, 4.107725214255318, 3.461434711567104, 1.7079294240985885, 1.4588177434085123, 1.9352418497607597, 2.0788796678217296, 1.250485807832217, 0.4299571312064971, 0.7709682721434049, 0.8409257828753908, 1.2887660781649108, 0.5864773283737307, 0.6342885467669489, 0.2763384545860144, 0.1946560635582253, 0.15386539592823106, 0.5874382938693906]
