Data: [0.0, 0.0, 0.0, 0.0, 0.0, 0.0, 0.0, 0.0, 0.0, 0.0, 0.0, 0.0, 0.0, 0.0, 0.0, 0.0, 0.0, 0.0, 0.0, 0.0, 0.0, 0.0, 0.0, 0.0, 0.0, 0.0, 0.0, 0.0, 0.0, 0.0, 0.26, 0.2862, 0.561194, 0.59185278, 0.601690099, 0.592492982, 0.566440788, 0.52600059, 0.473824394, 0.412651085, 0.345215575, 0.274167149, 0.331998551, 0.274086856, 0.7337437250000001, 0.855422595, 0.839270901, 0.929556248, 0.8829263740000001, 0.814471696, 0.858428335, 1.422236459, 1.646996678, 1.599870974, 2.9394617120000004, 2.956909524, 3.01390527, 3.394784283, 3.365731866, 4.308612734, 4.257947134, 4.89460968, 6.310767681, 8.305986851, 10.4925045, 13.33559525, 15.014309060000002, 15.064722230000001, 15.7881524, 18.11559499, 17.94682547, 20.55652814, 25.3985647, 25.984440660000004, 28.592195799999995, 34.42140956, 36.47505965, 43.91909294999999, 44.73115013000001, 50.34006708, 55.92789033, 55.24909454000001, 58.1007055, 57.81413419, 61.10179599, 63.68763772999999, 62.84426616, 64.32990377, 70.3770805, 79.89822715, 87.03031231, 82.19827959, 80.42350175, 78.50349665, 77.44038715, 75.56037699, 73.79155654, 76.03587144, 71.0846787, 69.63606488, 66.59323049, 76.63688262, 71.15706307, 66.17051357, 60.25750362, 54.34806955999999, 52.96913682000001, 59.61902324, 58.36535033, 56.35608419, 56.147062150000004, 56.94453044, 58.67391599999999, 63.42014550999999, 71.62914771, 68.18837526, 66.7560288, 64.22423611, 62.188895620000004, 61.0014223, 58.90265365, 58.82668225, 60.14350753, 57.22434505, 57.85036847, 56.408278489999994, 55.20814915, 53.80178828, 56.61200984, 51.87284895, 54.22141868, 52.52848888, 49.3189974, 45.160885130000004, 41.91375755, 43.33392999, 39.69206729, 47.963628840000005]
Forecast: [43.206165434018565, 44.72458543242836, 46.47411236531877, 48.95864872894644, 51.963850706992325, 50.83233115311905, 52.34562858331454, 51.99699826232337, 55.429788141907196, 58.6452047572356, 58.04028002838199, 61.337885981216665, 63.015593210889804, 63.14651827333116, 63.02313051885475, 63.52828577483167, 63.022653277056556, 65.49292944825778, 65.7498463454222, 65.5899807178491, 66.62487436982076, 64.79522268894235, 65.26681020930938, 67.17664369969513, 68.87334722790072, 67.17188684394576, 67.84377067205024, 71.93716176113995, 74.03054659703959, 74.27460909011789, 75.43359598444155, 74.18878856501667, 74.42449932662659, 74.28619776595663, 69.95546188083928, 71.58854181497048]
95% Confidence: [0.6347285520987499, 0.7753603544597973, 0.5086143674275846, 0.8464330705146726, 1.5315282614143924, 1.543815292438805, 1.0558255842307704, 1.4722851115896016, 1.9281419706608138, 1.3989028629603846, 1.5799344236539143, 1.7578846623025863, 1.6532169767308593, 1.5784265081624758, 1.407100917382341, 1.392718334481146, 1.3983941724839135, 1.8716868920612708, 1.4923814654354042, 2.0563048989311703, 1.4745644923383783, 0.9969843776935547, 2.176692222550661, 1.9733680879427404, 2.2112428104100235, 1.4694576484632123, 1.4003660370332427, 1.6166270879811189, 1.8765030788222516, 2.351107240705107, 1.2732794154609521, 1.6598406519598623, 1.812992148827271, 1.6403460377726515, 1.6709225826012009, 1.4698549717129992]
Variance: [0.012050175567387493, 0.017981439096831697, 0.007737390555409728, 0.021429032114467044, 0.07015639842855022, 0.07128661569914028, 0.03334277219092123, 0.06483375015669783, 0.11119758213895854, 0.05853187677030321, 0.07466128481439532, 0.09242684479353463, 0.08174797192257074, 0.07451883364925861, 0.05921992299007683, 0.058015476099189875, 0.05848930352735125, 0.10478127163234918, 0.066615757495252, 0.1264713865401596, 0.06503465594468351, 0.029729938101351196, 0.1417135598931703, 0.11647520530569945, 0.14624807632399708, 0.0645849823982921, 0.058654383759154605, 0.0781694487057415, 0.10532123854884715, 0.16533400966852507, 0.04849139484455141, 0.0824043415016758, 0.09831260069747334, 0.08048004510457397, 0.08350834816314719, 0.06461989610491096]
