Data: [0.0, 0.0, 0.0, 0.0, 0.0, 0.0, 0.0, 0.0, 0.0, 0.0, 0.0, 0.0, 0.0, 0.0, 0.0, 0.0, 0.0, 0.0, 0.0, 0.0, 0.0, 0.0, 0.0, 0.0, 0.0, 0.0, 0.0, 0.0, 0.0, 0.0, 0.0, 0.0, 0.0, 0.0, 0.0, 0.0, 0.0, 0.0, 0.13, 0.2731, 1.203697, 1.30512339, 1.357253439, 1.36345288, 1.328128791, 1.256493247, 1.28432646, 1.170846558, 1.033589249, 0.879049994, 0.713593164, 0.543274222, 0.373688948, 0.339851533, 0.199202314, 0.066641947, 0.465338358, 0.410204977, 0.348278785, 0.282096849, 0.214070201, 0.146424112, 0.081149908, 0.149968627, 0.107406416, 0.065878233, 0.286526522, 0.406514186, 0.402307658, 0.386452553, 0.360589382, 0.326494847, 0.28601492, 0.241002537, 0.193261317, 0.14449638, 0.486273045, 0.609283852, 0.601715063, 0.5768517, 0.537169123, 0.48533973, 0.424133085, 0.356323111, 0.284604442, 0.211519506, 0.139397478, 0.070305729, 0.136013983, 0.221070992, 0.190990171, 0.678187726, 0.696319894, 0.691749249, 1.31688319, 2.379997242, 2.595399971, 2.871400428, 3.743658827, 3.976381621, 3.866540687, 3.911687626, 3.634969242, 3.276873619, 2.85628135, 2.392059867, 1.902498737, 1.404818757, 1.174762213, 0.732468457, 0.312430023, 0.055022531, -0.278294887, -0.179931717, -0.256006913, -0.416794381, -0.548999271, -0.651513694, -0.724231264, -0.507950139, -0.238058622, 0.071985501, 0.278865648, 0.35669181, 0.416034601, 0.456962076, 0.610087941, 0.629598581, 0.628270199, 0.73822655, 0.715040469, 0.672721783, 0.614453311, 0.543578087, 0.463483043, 0.507493012, 0.561877194, 0.623966642]
Forecast: [0.515063427872315, 0.5209536798748222, 0.6182805115727812, 0.5801019208613211, 0.6620471654988843, 0.6042033135272955, 0.6066007964164248, 0.5786070344046497, 0.5886116756329826, 0.680792706295243, 0.5972455648184822, 0.5665417026538973, 0.6847856867315915, 0.6848595156001559, 0.7660762482481525, 0.8201476583458301, 0.7792029144240465, 0.7523799858334862, 0.8116403921877159, 0.7482714626253074, 0.7494917128012435, 0.7271858548095136, 0.783984192827796, 0.7465110648042399, 0.6764777466680605, 0.6835468904594589, 0.7027674009270959, 0.7133255809115517, 0.7428458110709654, 0.666471979638361, 0.6312014523621136, 0.6080324009857553, 0.6406033750904163, 0.6035531336117596, 0.5639661061380387, 0.5745724585704423]
95% Confidence: [0.018863299989629483, 0.02332596364511554, 0.023226819058979522, 0.0176790087981316, 0.021066989505364973, 0.02140931274161733, 0.019898376208884527, 0.01931658502307269, 0.016134972223904556, 0.014010919267500286, 0.022197201495034673, 0.011350821915682294, 0.01565233117916969, 0.014844522407493512, 0.021289064934799404, 0.016997024993990542, 0.023952905390996485, 0.012830958152475563, 0.01803402877775641, 0.015884405502320214, 0.02511158089811133, 0.017802232201653556, 0.022566466194910945, 0.026531714514373115, 0.02573894296785775, 0.009464514877141953, 0.021402496829067526, 0.012312778447167928, 0.017423216728757105, 0.01903598458740038, 0.019629018973701867, 0.016543175208217072, 0.018588215610323887, 0.02641699017050984, 0.028816852426014124, 0.03369496085716892]
Variance: [0.0002329351943383761, 0.0003561876745043858, 0.00035316624953749047, 0.00020460469169027878, 0.00029053923765736024, 0.00030005803402876344, 0.0002592000545813778, 0.0002442645832087574, 0.00017042613815755291, 0.00012850885750914244, 0.00032254944024132115, 8.434403183840111e-05, 0.00016038281937982474, 0.00014425546598889364, 0.0002966968897041876, 0.00018912353416494066, 0.0003755918644181315, 0.00010777496807067229, 0.00021290471376412038, 0.0001651740282820797, 0.0004128077699750175, 0.00020746683161853424, 0.00033337026269462635, 0.0004608190957031407, 0.0004336918019451418, 5.864034359262386e-05, 0.0002998670540015067, 9.924575405153131e-05, 0.00019872682639600198, 0.00023721955827661086, 0.00025223016601202264, 0.00017915854873425046, 0.00022619093184727602, 0.0004568425102121044, 0.0005436167636206472, 0.0007432410312324463]
