Data: [0.0, 0.0, 0.0, 0.0, 0.0, 0.0, 0.0, 0.0, 0.0, 0.0, 0.0, 0.0, 0.0, 0.0, 0.0, 0.0, 0.0, 0.0, 0.0, 0.0, 0.0, 0.0, 0.26, 0.2862, 0.301194, 0.30565278, 0.300496099, 0.286840202, 0.26594469, 0.23916038800000003, 0.727879704, 0.875890698, 0.882823871, 0.862579011, 0.948481267, 0.8973388589999999, 0.824390526, 0.73400531, 0.760638457, 0.661789136, 1.332971072, 1.297045683, 1.225801462, 1.124907619, 1.000355932, 0.858248736, 0.704604797, 0.545187109, 0.385355576, 0.22994652800000004, 0.60317999, 0.780994706, 1.237598109, 1.211413229, 1.281504439, 1.206141396, 1.102130415, 0.975456619, 0.832186505, 0.678277807, 0.779411644, 0.647049749, 1.02851255, 1.330973695, 1.263259514, 1.164418967, 1.040529904, 0.8978138510000001, 1.002434988, 0.866520962, 0.718202709, 1.2131702, 1.382245836, 1.292946534, 1.433788765, 1.9675331110000003, 2.278877028, 2.320720244, 2.18875753, 2.524328361, 2.350612259, 2.123749399, 1.855860343, 2.469084383, 2.636913487, 2.408852276, 2.131331618, 2.207623077, 3.470056698, 3.432145256, 3.1950606, 3.145832592, 2.807152407, 2.678125668, 2.541657833, 2.142587047, 1.719145728, 1.286474169, 1.508475541, 1.163022509, 1.077224105, 0.767688819, 0.596076396, 0.323742924, 0.068930512, 0.747531425, 0.765846304, 0.659354306, 0.543730879, 0.423357868, 0.432321422, 0.847418979, 0.92558421, 1.128165391, 1.076643493, 0.99797448, 0.897233134, 0.779648928, 1.300433675, 1.230126937, 1.909947065, 2.644486768, 2.626237898, 2.531026778, 3.409405966, 3.427665057, 3.241268287, 2.976273145, 2.648489323, 2.274029204, 2.12879422, 1.734218908, 1.32707456, 0.920832411, 0.527589503, 0.417843202, 0.106536234, -0.176836124]
Forecast: [0.19540103172399353, 0.1493277645678256, 0.14898125717578461, 0.21545127702715466, 0.19588808111813372, 0.2817316194689587, 0.21678084159668268, 0.314393156752248, 0.38228616437487256, 0.48412360749384115, 0.3381616894358188, 0.4311404619835435, 0.5631478726131186, 0.5831091803726408, 0.5337301771104372, 0.44986895060618215, 0.5774016135096115, 0.4802651142125146, 0.4625778670528163, 0.5370979109576491, 0.4909397394720305, 0.4946224776889217, 0.4878052081374998, 0.5771847506851803, 0.5341394449347989, 0.6149446843654462, 0.5670973717530524, 0.5301674528695843, 0.682872646511036, 0.5972233617166445, 0.6489789622932278, 0.571285399316711, 0.6576969098848128, 0.7148581550469209, 0.6608213581838728, 0.7379390505653275]
95% Confidence: [0.035358296827800687, 0.03378300674480657, 0.03652101947771009, 0.04559484651353631, 0.051671497719182925, 0.06504343838285798, 0.03720491751722062, 0.07663489595996816, 0.06569062706342248, 0.08494893395565617, 0.06025210273338529, 0.09888869817646967, 0.11295404143328325, 0.11120718139192255, 0.12074932664445687, 0.06863656039026128, 0.10463590558856417, 0.08879855933655595, 0.07965952867135256, 0.09595834831022051, 0.0822101423728974, 0.04891855756934378, 0.06454272518295814, 0.06827804384443534, 0.07393253903807366, 0.0601631781167149, 0.034245905329949165, 0.03778389381647745, 0.06589068482873589, 0.04133155490722489, 0.06966034398217193, 0.06371577407770714, 0.07601624356248257, 0.10146392482613782, 0.09843589232202418, 0.13870449815436747]
Variance: [0.0009378512654842665, 0.0008561461587663786, 0.001000545750067058, 0.0015594908026248168, 0.002002872594019945, 0.003173644099708028, 0.0010383696560829466, 0.004405593292004801, 0.0032371149093475427, 0.005413363197653687, 0.0027233010347556133, 0.0073357524854678075, 0.009570944922597486, 0.009277201376508804, 0.010937567879222438, 0.003533965775501952, 0.008213207640981083, 0.005915114998683137, 0.004760217608393238, 0.006907435157073341, 0.005069931616192593, 0.001795141056999745, 0.003124970225415311, 0.00349714330558109, 0.004100364942293049, 0.0027152689436392746, 0.0008797686789163461, 0.0010709390523582025, 0.003256862267698171, 0.0012814884665388925, 0.0036401769808687367, 0.0030454061478638766, 0.004334750676564526, 0.0077227964270817915, 0.0072687253455892605, 0.01443219123387139]
