Data: [0.0, 0.0, 0.0, 0.0, 0.0, 0.0, 0.0, 0.0, 0.0, 0.0, 0.0, 0.0, 0.0, 0.0, 0.0, 0.13, 0.1431, 0.150597, 0.15282639, 0.150248049, 0.143420101, 0.132972345, 0.119580194, 0.103939852, 0.086745349, 0.068667936, 0.050338226, 0.03233134, 0.015155202, -0.000757977, -0.0150571, -0.027474597000000003, -0.037826107, -0.046007682, -0.051990869, -0.055816012, -0.05758416, -0.057447967999999995, -0.055601957, -0.052272488, -0.047707791, 0.34783167, 0.9133822349999999, 0.994976276, 1.298561624, 1.33283159, 1.323689611, 1.275751141, 1.454333984, 2.021428524, 2.101170754, 2.269903638, 3.193666124, 3.129242379, 6.227383736, 6.848889446, 6.932777901, 6.700294174, 7.980049994000001, 8.502428732, 12.43749673, 12.46593304, 12.30754771, 11.88577449, 11.62960536, 12.40016498, 13.30166369, 14.58396262, 15.87051277, 15.822292530000002, 16.48422553, 17.71543847, 23.08206696, 22.6995706, 23.93433675, 28.367596180000003, 32.29650179, 36.54362178, 36.74972112, 37.74271889, 39.22413532, 38.84068604, 41.37036111, 44.49595784, 57.184116169999996, 62.89793516999999, 65.69343422, 68.32858034, 73.88035444, 75.71054049, 76.86639172, 76.50066608, 77.45649302, 82.91304248, 87.41654571, 93.54720225, 94.74837707, 93.8769831, 91.12641903, 93.41711879, 94.50623502, 93.69125257, 90.14703079, 85.27282026, 83.58784618, 79.16373413, 75.25712125, 76.63345602, 80.41315364, 80.65248688, 83.2083122, 92.18230561, 96.50343052, 106.94734, 112.0684384, 107.9353737, 106.8475543, 106.4630903, 102.8931799, 101.7834652, 99.35121794, 94.62165891, 87.35640601, 81.54698622, 76.47209882, 69.7605372, 68.73731563, 63.85429674, 60.25395084000001, 56.69602101, 53.55300352, 50.58769768, 47.1312915, 47.25658719, 47.29165569, 53.01446767, 57.96456443000001, 64.51071457]
Forecast: [61.53256921043263, 63.834708656396295, 68.42157999092731, 67.41427291195298, 73.71237527249642, 72.28955126802788, 73.1606238369877, 75.01409451273041, 77.49419717594375, 82.80972107511883, 81.88205056532288, 84.30853447825986, 86.18122293705292, 82.66861699129696, 85.01494331069756, 83.72387167080498, 81.30708014688645, 86.49639591503849, 85.79324682473793, 82.52588971620598, 85.65265040567513, 82.4998318185072, 83.22380852352829, 85.99741489527455, 87.38267170757237, 86.06810721297417, 87.32238651743356, 90.37291065565014, 94.96787122732887, 93.81847813401184, 98.54255922927877, 95.37528555607643, 99.8533629967802, 100.99272303130627, 100.05662929438954, 101.39953617810231]
95% Confidence: [1.2855233358368487, 1.3144657588124098, 1.5654127780925602, 1.5743543159027964, 1.3196606597278864, 1.7935808462345244, 1.7923229564984562, 1.4882069253150405, 1.5386085171758355, 1.3542824778236062, 1.237103139491281, 2.095480436459166, 1.8306422523397745, 1.6460662423670769, 2.3595366665541113, 2.098059047794986, 1.9619706583936691, 2.4499295915588974, 1.7860602270159602, 2.827541577522111, 2.2272597289767027, 2.1045173701554596, 2.0105916662105443, 2.255459963608986, 2.7258545728342893, 1.9457654649003984, 1.3761038170858861, 1.5924518757090986, 1.8993884522150757, 1.5244479685489416, 1.5041008819021584, 1.783724175898081, 2.2286710453566494, 1.2410598769534738, 1.831781158147937, 1.336754997152585]
Variance: [0.03838525886099935, 0.04013313210960785, 0.05691965406840481, 0.05757174992109556, 0.040450973797943074, 0.07472164579502494, 0.07461687601069976, 0.0514435851292138, 0.05498709806349706, 0.04260132127220295, 0.03554809884192627, 0.10199331654652041, 0.07784154920067358, 0.0629359941901045, 0.12931772118360735, 0.10224449396669605, 0.08941070746133253, 0.13941571232207567, 0.0740963278493546, 0.18570454382661844, 0.11522489685164318, 0.10287492613382898, 0.09389713214643822, 0.11816117752776258, 0.17258772691204624, 0.0879397947455667, 0.04398523677555034, 0.05890296741668061, 0.08379769284832106, 0.05397961274346756, 0.052548279796482814, 0.0739026332347, 0.11537097832541056, 0.03577585456291633, 0.07793843238583002, 0.041505739573535046]
