Data: [1.0, -1.0, -1.87, -2.5969, -3.173203, -3.46667961, -3.596808171, -3.70601963, -3.563129355, -3.167634226, -2.266659584, -1.887782618, -1.490159871, -1.087594602, -0.692658021, -0.316435359, 0.031658099, 2.163992467, 2.878173625, 3.364591458, 3.601429764, 3.706541347, 3.689945531, 3.56431093, 4.384310462, 4.190780727, 4.020880543, 3.647343962, 3.20174072, 2.70464558, 2.956120587, 3.013764476, 2.705231041, 2.506394019, 2.312248878, 1.868150785, 1.542417978, 1.102985912, 0.674407476, 0.398454659, 0.038143483, -0.287280879, 0.988455622, 1.556964803, 2.041914123, 2.927111086, 5.015975021, 5.405473312, 5.393857574, 5.611587683, 6.769197151, 6.897969757, 6.63692601, 6.492878857, 6.258450054, 5.819710629, 5.830253828, 6.234835093, 5.771913178, 6.412126059, 7.385953871, 6.870820285, 6.621075449, 7.487672833, 7.002980294, 7.1966676, 6.745086147, 5.966310256, 5.246422645, 4.631131117, 4.028434807, 4.235155085, 5.344148682, 5.981918459, 6.286453705, 6.321941814, 7.094222859, 7.646449113, 10.91405927, 11.82748663, 11.55474666, 14.40263828, 15.94366159, 17.10227273, 19.38195457, 19.13220959, 20.72347281, 23.52390554, 22.81857782, 26.09922554, 29.078831720000004, 29.13811233, 29.28732151, 30.54299013, 33.08680218, 34.96362896, 36.6838642, 36.52155998, 36.09983939, 41.46729567, 45.88398746, 51.22249044, 58.48046841, 60.54823454, 67.34277701, 78.92758193, 81.83607888999998, 84.0386438, 96.8097929, 103.3095333, 111.1800137, 133.0380456, 144.4791329, 168.4817376, 190.3896296, 192.3750436, 205.6606648, 213.127904, 211.5445821, 217.563255, 220.1631629, 232.1281852, 229.0728596, 228.0508809, 223.3495736, 238.3379098, 243.0872751, 232.7490856, 229.2122425, 236.0527164, 236.1175614, 257.4923951, 256.0049736, 245.446145, 238.429815, 242.7322234, 233.7824244, 240.7741325]
Forecast: [218.96555505597118, 215.88684390509403, 206.85086036556487, 177.68790838475445, 191.27311635052874, 152.388812030289, 139.63072461638274, 148.15320337924, 160.09672469484144, 156.0893983693414, 168.1140018098504, 198.24846590624844, 188.70120301274505, 211.64168895805932, 227.50508516101516, 231.64314355919407, 232.92443451429227, 272.46276754375236, 263.9207050611559, 259.51148274420603, 260.1964525027949, 255.3929773702808, 250.2261597760855, 262.5946293927357, 264.4620813386478, 237.17582064488033, 217.4481697742682, 216.29414230198918, 217.1405242709988, 213.75496569947484, 216.96738638512292, 208.41735842404321, 201.88617254328565, 228.52437479975953, 202.66741869209696, 218.9617488157711]
95% Confidence: [5.272916539772827, 6.6052411375739535, 7.474767502638962, 8.518360771632727, 5.596195157876146, 9.904244675051835, 14.326928880854567, 11.223263259512349, 13.183158496897006, 12.621126076141822, 9.908420220311662, 10.841669454008779, 9.581154546414071, 11.362112369634094, 11.219060855702724, 11.181256487626674, 8.499047555859386, 10.264306556721879, 7.07681971800955, 5.865336052306883, 11.541833477912506, 5.249756795974696, 7.381283921978652, 8.17018955365228, 4.6782639306697655, 5.094455864867126, 6.823256302845286, 5.227032064759917, 6.026313250144301, 4.106061711879964, 7.039426861285779, 6.881877965483423, 7.127326741289656, 5.796538836230602, 6.695065720441107, 6.2228890576555225]
Variance: [0.28107694187524046, 0.441063161143678, 0.5648313454335713, 0.7335598128291712, 0.31659869293109305, 0.9916675986960378, 2.0750553463921433, 1.2733908244258172, 1.7569621070593988, 1.6103476386312503, 0.9925041106276132, 1.188272003368541, 0.9280239867666846, 1.305093625432121, 1.2724375857164323, 1.2638765428722332, 0.7302371464297034, 1.0650810680669065, 0.5062904383011922, 0.3477837774043845, 1.3467069915057845, 0.2786132694523808, 0.5507915780952117, 0.6748196248496225, 0.22125487292462992, 0.26237292957016384, 0.47065951443466103, 0.2762064616154237, 0.3671358721276028, 0.1704411046220983, 0.500954309924659, 0.47878146795134213, 0.51354296617237, 0.33967291502991953, 0.4531406955915865, 0.3914782014705118]
