Data: [0.0, 0.0, 0.0, 0.0, 0.0, 0.0, 0.0, 0.0, 0.0, 0.0, 0.0, 0.0, 0.0, 0.0, 0.0, 0.0, 0.0, 0.0, 0.0, 0.0, 0.0, 0.0, 0.0, 0.0, 0.0, 0.0, 0.0, 0.0, 0.0, 0.0, 0.0, 0.0, 0.0, 0.0, 0.0, 0.0, 0.0, 0.0, 0.0, 0.0, 0.0, 0.0, 0.0, 0.0, 0.0, 0.0, 0.0, 0.0, 0.0, 0.0, 0.0, 0.0, 0.0, 0.0, 0.0, 0.0, 0.0, 0.0, 0.0, 0.0, 0.0, 0.0, 0.0, 0.0, 0.0, 0.0, 0.0, 0.0, 0.0, 0.0, 0.0, 0.0, 0.0, 0.0, 0.0, 0.0, 0.52, 0.5724, 0.732388, 0.75440556, 0.751589197, 1.376506795, 1.397637429, 2.024725876, 2.288363703, 2.256986836, 2.42103805, 2.816053002, 2.947084868, 2.776601002, 3.059867492, 2.823011309, 2.525150404, 2.181321078, 2.976435052, 3.0927445769999995, 3.584640813, 3.8398082000000002, 3.554264603, 3.710647427, 4.770072546, 6.300452977, 6.608781775, 6.288014241, 7.110683032000001, 8.197764454, 8.640204799, 9.119194966, 10.42671027, 10.05067273, 10.64071877, 10.40253863, 9.896100357, 10.9534229, 10.1364105, 9.02700702, 8.307733681, 8.601155665, 9.647200781, 11.09922536, 11.89307072, 12.02073943, 11.52501908, 10.49312019, 9.959617589, 9.650676718, 8.833109633, 7.332305967000001, 6.021613488000001, 6.021341853, 6.070457125999999, 6.392547158, 7.2406517720000005, 7.456726371000001, 7.047491718999999, 6.847755781000001, 7.292560763, 7.414108424]
Forecast: [7.223336771008146, 7.403687097554791, 7.9264868789327245, 8.109031103688384, 8.410581051182897, 8.219028373722486, 8.360226000193483, 8.11293096912002, 8.323229940747861, 8.719507282825617, 8.671580422897717, 8.649870718216738, 8.727912449347484, 8.68212503424392, 8.281858265246571, 8.307645525351294, 8.358437636401941, 8.747795816166027, 8.811251921613913, 8.779391676133745, 9.230606034924836, 9.12495643776216, 9.339653953186586, 9.758613995950494, 10.146283404297646, 9.958498041266695, 10.116871411652294, 10.916850384913559, 11.21152415960862, 11.396837625571937, 11.325900628157909, 10.99325206607682, 11.092878115805407, 10.768904121201963, 10.011711178459818, 10.063775062639467]
95% Confidence: [0.17648537890012617, 0.15660820301943817, 0.20979160579855988, 0.1869718536454592, 0.18885671994027584, 0.21061393699061673, 0.21583223708648, 0.19287104495352192, 0.23798462181206284, 0.2404358749567248, 0.23191559953246008, 0.2363574239181009, 0.2043439387320366, 0.19220717042403448, 0.2971252741338159, 0.2544795640759532, 0.17920852952704214, 0.26688210609947016, 0.2195678467492013, 0.14872584048833912, 0.17725615626067728, 0.14621173756950273, 0.16894366348847475, 0.18173483519861278, 0.219959297622693, 0.18893555644005072, 0.14541005030042017, 0.13927593920944406, 0.09225605167731363, 0.13755832899338868, 0.14807495237460555, 0.22541372658155712, 0.2810143491399168, 0.2770988104478882, 0.4348714023722662, 0.42990481483830845]
Variance: [0.0067448791566001925, 0.005311113785352572, 0.00953087535949582, 0.007570230250079124, 0.007723632286171904, 0.009605740367039073, 0.010087632949987452, 0.008055467394843429, 0.012264629926646165, 0.012518582925148855, 0.011647067782521532, 0.012097488598541354, 0.009042326538774449, 0.008000107200099492, 0.019117711255584542, 0.014023695916440012, 0.0069546293626009436, 0.015423949198111533, 0.010439847495364132, 0.004789934495952189, 0.006803921867837271, 0.00462936124353066, 0.006180740440042409, 0.007152090752875106, 0.010477105074354592, 0.007730080713304868, 0.004578734863214682, 0.004200576173994342, 0.0018430891842551329, 0.00409760880065738, 0.004748100184987259, 0.01100315846785743, 0.01710068998829489, 0.01662746387870468, 0.040952309431521, 0.04002223297065437]
