Data: [0.0, 0.0, 0.0, 0.0, 0.0, 0.0, 0.0, 0.0, 0.0, 0.0, 0.0, 0.0, 0.0, 0.0, 0.0, 0.0, 0.0, 0.0, 0.0, 0.0, 0.0, 0.0, 0.0, 0.0, 0.0, 0.0, 0.0, 0.0, 0.0, 0.0, 0.0, 0.0, 0.0, 0.0, 0.0, 0.0, 0.0, 0.0, 0.0, 0.0, 0.0, 0.0, 0.0, 0.0, 0.0, 0.0, 0.0, 0.0, 0.0, 0.0, 0.0, 0.26, 0.2862, 0.301194, 0.30565278, 0.300496099, 0.286840202, 0.26594469, 0.239160388, 0.207879704, 0.173490698, 0.137335871, 0.10067645100000001, 0.06466268, 0.030310405, -0.0015159549999999998, -0.030114200000000004, -0.054949194, -0.075652213, -0.09201536399999999, -0.103981739, -0.111632024, -0.11516831999999999, -0.114895937, -0.111203914, -0.104544976, -0.095415582, -0.08433666, -0.071835531, -0.058429449, -0.044611091, -0.030836237, -0.01751378, -0.004998156, 0.006415849999999999, 0.01649598, 0.025073218, 0.162040535, 0.180449905, 0.19160484, 0.195896137, 0.19388142, 0.186251732, 0.173797461, 0.157374693, 0.137872961, 0.116185214, 0.093180685, 0.069681188, 0.046441205, 0.024131985, 0.003329726, -0.015492198, -0.031967163, -0.045835618, -0.05694215799999999, -0.065229779, -0.070731745, -0.073561563, -0.073901551, -0.071990494, -0.068110828, -0.062575804, -0.055717008, 0.082127419, 0.10372358, 0.120048418, 0.13113932, 0.137186951, 0.658514211, 0.707953319, 0.731209916, 0.730204557, 0.707393596, 0.665641924, 0.608096161, 0.538062089, 0.458889562, 0.37386760100000005, 0.286131808, 0.19858564, 0.11383652, 0.034147216, -0.038597574, -0.102909958, -0.157703805, -0.20228715299999997, -0.236343551]
Forecast: [-0.14130451879599196, -0.15534469506733417, -0.13063298807495993, -0.0995466483462038, -0.08759111481250029, -0.015565212223194748, -0.0045103791967987805, -0.019273095450508416, 0.048889586843529904, 0.06106463415968537, 0.10958515041546535, 0.13479087646307855, 0.11023116695241104, 0.18148109243394242, 0.17098672867008255, 0.175733702638737, 0.2171815418093507, 0.25088022248625014, 0.2931725901736816, 0.3149512251876961, 0.2637746646218283, 0.28122730966007026, 0.3144760995828714, 0.34940597075747226, 0.29285774291695055, 0.29329573537355613, 0.30540550004371547, 0.2930914812665974, 0.29254697071815206, 0.3053650545489416, 0.3097800202548659, 0.2899182314753873, 0.3307054427382332, 0.33532052211792274, 0.32092802766944883, 0.3073194043915087]
95% Confidence: [0.03745029178188045, 0.038078893983690826, 0.04152408306869563, 0.030102545562301485, 0.03256966626412311, 0.015347492174465082, 0.021398716218900805, 0.019377416661183394, 0.014014509671496667, 0.014728925075210399, 0.01429521742216622, 0.018387312420062557, 0.02919282156650221, 0.026375948666541128, 0.040147209249907494, 0.03524409464238365, 0.042294383424644054, 0.050086695038523164, 0.03810901835914235, 0.04359199518746978, 0.05885169792037239, 0.0552619423416554, 0.05156323889056667, 0.058450942122815784, 0.06123338405201032, 0.05228324932702997, 0.05243914753264001, 0.04654823724789759, 0.04845752174391708, 0.048328694344278396, 0.04585605488084498, 0.04243888454309529, 0.045151344979412984, 0.0356974284935586, 0.04594240470468196, 0.0475480156656543]
Variance: [0.00499293817309105, 0.005161957057375118, 0.006138268480420291, 0.003225909563904583, 0.003776351555296458, 0.0008385338267112108, 0.0016301263433321136, 0.0013367111060674963, 0.0006992001629681987, 0.0007723034096794002, 0.0007274904559035599, 0.0012036002648520422, 0.0030338762042933644, 0.002476634504770478, 0.005737946474959772, 0.004421997972926264, 0.006368118364025227, 0.008930802715523854, 0.005170127943505308, 0.006764867202879495, 0.01233002073421999, 0.010871715217996685, 0.009465120171199545, 0.012162665514128618, 0.013348185944118641, 0.009731300313100058, 0.009789421644053045, 0.00771351399466636, 0.008359266306599058, 0.008314879909376103, 0.007485816046734333, 0.006411706638270761, 0.007257502481761701, 0.004536486739159588, 0.007514036367710709, 0.00804841919864735]
