Data: [0.0, 0.0, 0.0, 0.0, 0.0, 0.0, 0.0, 0.0, 0.0, 0.0, 0.0, 0.0, 0.0, 0.0, 0.0, 0.0, 0.0, 0.0, 0.0, 0.0, 0.0, 0.0, 0.0, 0.0, 0.0, 0.0, 0.0, 0.0, 0.0, 0.0, 0.0, 0.0, 0.0, 0.0, 0.0, 0.0, 0.0, 0.0, 0.0, 0.0, 0.0, 0.0, 0.0, 0.0, 0.0, 0.0, 0.0, 0.0, 0.0, 0.0, 0.0, 0.0, 0.0, 0.0, 0.0, 0.0, 0.0, 0.0, 0.0, 0.0, 0.0, 0.0, 0.0, 0.0, 0.0, 0.0, 0.0, 0.0, 0.0, 0.0, 0.0, 0.0, 0.0, 0.0, 0.0, 0.0, 0.0, 0.0, 0.39, 0.4293, 0.451791, 0.71847917, 0.736944148, 0.731454304, 1.224569815, 1.75163668, 1.773447759, 3.8198742959999996, 3.9470619520000003, 4.073118983, 4.354376741, 4.176877422, 3.8918217119999996, 4.038516921, 4.819387102, 5.257588652, 5.934242387, 8.035203477, 8.955012354, 9.264189972, 12.53452413, 12.85178915, 12.90177399, 12.05970713, 12.76005574, 14.46756781, 14.54030165, 14.43955305, 13.53569272, 12.04614764, 11.67417264, 10.53916996, 9.871492454, 10.02443792, 8.621355704, 6.899941037, 5.143669606, 3.7987152300000004, 2.174294835, 1.687087634, 0.787988524, -0.34484033, 0.07595891, -0.25760054, -0.850076029, -1.097801689, -1.227820732, -1.508003249, -1.584927416, -1.446611344, -0.568728539, -0.461572159, -0.351284252, 1.318513392, 2.36177587, 5.099858824, 7.331137718, 9.149354591]
Forecast: [8.490510768763611, 9.520699154239113, 9.933785911753056, 9.474549002577328, 10.428674138088578, 10.801841231082458, 10.978238810772243, 11.413917909197348, 11.531042227432623, 11.939526103153595, 12.173688939342183, 11.42548101386348, 12.279225019495398, 10.807441649486934, 11.464846009894089, 11.692025223132616, 11.046086033736426, 11.868128135187378, 11.816234564651179, 10.3121010216647, 11.055843865803281, 10.621335637892637, 10.265392734835402, 10.666678920236164, 10.2970790389651, 10.751145397815678, 11.005136765832809, 10.921989359254784, 11.151372513069385, 11.419994995834953, 12.073736810872665, 11.65776404387452, 13.094911833394503, 14.019430671611515, 14.21185730397707, 13.970363310362998]
95% Confidence: [0.30609610799728976, 0.26815867915805086, 0.3089604236601997, 0.3230228677898317, 0.3508706113883238, 0.37365697793710606, 0.3865450577907952, 0.318783120523551, 0.29835087212769945, 0.2799049219260235, 0.23556960331160184, 0.20222794686697101, 0.30714764895293556, 0.25012464072669416, 0.2952159930756456, 0.28539817122831496, 0.39145647393102667, 0.2781487244880208, 0.20199490755947466, 0.20793435624476364, 0.21956847364426227, 0.14020435033245449, 0.1661393272284153, 0.1287555106251614, 0.18213703084282926, 0.13893851179756936, 0.1555264173515453, 0.14939701908369768, 0.17857346184031853, 0.178937611995347, 0.24078589753707788, 0.20433775900871326, 0.23587477931449208, 0.24971151020236976, 0.23528834197063492, 0.22721073834212832]
Variance: [0.01677374691990887, 0.01287354451946377, 0.017089135065733955, 0.01868017440889955, 0.022039840788206557, 0.024995432662532967, 0.02674943634332644, 0.018193029969470524, 0.0159356250249904, 0.014026051627223918, 0.00993465888493438, 0.0073214446331485526, 0.016889188314905275, 0.011200241820021209, 0.01560250062296255, 0.014581992191172974, 0.0274335111174214, 0.013850598446471013, 0.007304580124602251, 0.007740463262760386, 0.008630866319072115, 0.0035191469001475888, 0.004941505822447594, 0.0029678780149623826, 0.005938967108185563, 0.003455888277549237, 0.00433034723849564, 0.00399575017537823, 0.005708844346732079, 0.005732152170723676, 0.010379504096815127, 0.007475009330511693, 0.009960415219576607, 0.011163272102174628, 0.009910948195035523, 0.00924213154399952]
