Data: [61.0, -5.0, -32.67, -58.6329, -75.980523, -92.60396801, -95.60694948, -100.4414243, -100.0092089, -93.27993883, -82.72519757, -72.88417451, -60.53072852, -44.18670527, -29.73148319, -14.97983882, 0.146036273, 15.43494277, 30.59191034, 41.19542384, 51.80272327, 58.09521106, 63.74559373999999, 71.44857034, 77.11779218, 80.89655806, 83.42055061, 82.19952739, 78.27462067, 73.973966, 70.09415782, 67.16950572, 59.96223366, 54.29682179, 49.10904646, 46.44677727, 44.85733168, 40.5011107, 40.54547849, 44.07904515, 49.71688379, 51.10943206, 66.05944253, 67.67266868, 71.65439216, 74.46831152, 73.6267896, 70.23061619, 74.38714163, 82.48640028, 88.91114105, 96.66607352, 100.7755305, 114.8407759, 120.0142735, 123.2199931, 126.948541, 124.5357778, 123.6582177, 117.858667, 115.4533113, 112.0248919, 107.6285677, 109.8830189, 109.8955344, 118.4099323, 123.1105924, 120.5278688, 115.2175814, 110.0217954, 104.9049341, 100.6526109, 106.9059417, 103.1167611, 101.1829958, 115.7571172, 117.3311129, 114.5277756, 107.4589388, 104.5332175, 110.2340718, 108.7678186, 111.1251561, 113.6230051, 113.0223791, 109.2911444, 110.5142987, 110.1397087, 114.6783864, 120.4828448, 123.792372, 121.6271753, 118.179683, 118.8915494, 119.3654827, 120.9810583, 118.9056445, 116.3406027, 113.9018471, 116.8099116, 119.2028723, 115.2304507, 107.2383578, 100.6483235, 87.67784287, 78.70407503, 70.22656172, 67.16000289, 63.925299849999995, 61.08630813, 53.07862633, 59.26935392, 57.21292814, 64.69575709, 66.12943043, 61.27585353, 63.31935871, 66.58893261, 76.24388114, 72.71601839, 73.42946135, 71.72867619, 69.47610925, 64.55451573, 62.55844609, 60.13523003, 57.28027867, 58.42241409, 58.43766355, 52.23825815, 54.99164555, 61.89994485, 58.04041586, 52.4356273, 46.71824878, 43.63106065, 44.05365951, 44.3423887]
Forecast: [45.05334137718809, 45.80752419452864, 49.40722226353947, 50.80381605398959, 54.379947565179116, 54.246205741614645, 56.15176378379482, 54.82247220832032, 58.643402332010986, 66.58738668300093, 65.77409262799782, 69.66386479473174, 74.78214735741794, 78.80616075141394, 83.48159330188322, 84.23792506846804, 81.08371401453198, 85.2900854253825, 86.334088855236, 82.51025311003197, 82.47093641892923, 77.3165303221159, 77.85432757066023, 79.07392436728246, 78.00063772061456, 74.6869806861325, 73.88652735953612, 75.08251598136222, 75.52140859761172, 74.75207720144367, 80.3886197346859, 80.09910935780329, 81.42128821394819, 83.28489634552915, 82.68297112217809, 80.93612508844286]
95% Confidence: [1.1666260726534994, 1.1564860730972701, 1.4444095663555172, 1.0042187842443306, 1.230369445133444, 1.232014497938497, 1.307738120579145, 1.2556056476085466, 1.7431447240388673, 1.335486120297553, 1.6355647259486923, 1.5959859188427292, 1.695400359078873, 2.1456364384826085, 2.425692431822827, 1.9532097147872094, 1.9036333753256844, 2.314428503852485, 1.7536368126603152, 2.093166418741964, 1.2880026890403582, 1.0775500219841414, 1.3521037073974973, 1.2464765149118258, 1.4041199602367627, 0.9335538704127819, 0.5476044305322003, 1.1665189562354041, 1.513625452791728, 1.6402836416169462, 1.3100871150545506, 1.5294482975490271, 1.3351847519203732, 1.0179424546050708, 1.6261611813243786, 2.8078225684250966]
Variance: [0.027907663848160433, 0.027424642400751778, 0.04278001480851576, 0.020678393712583027, 0.031040680526617594, 0.031123740825844987, 0.0350672484580171, 0.032327097277873924, 0.0623055991067341, 0.036571178929130865, 0.05485239572948494, 0.05222977998989253, 0.05893925728764001, 0.09440009725032304, 0.12065118640636398, 0.07822721028540872, 0.07430649518853014, 0.10983674357527286, 0.0630578894749066, 0.08983955811276992, 0.03401681148131055, 0.023808665237251395, 0.03748695188794498, 0.031858721576923946, 0.04042672710470823, 0.017870592780255625, 0.006148851220981397, 0.027902543009464237, 0.04697826384503511, 0.05516937047221509, 0.03519334449254989, 0.047965584452732205, 0.03655467475419876, 0.021247438599647898, 0.05422346363143405, 0.16165883312798526]
