Data: [8.0, 6.0, 9.68, 13.4416, 16.783792, 19.59825104, 24.82331664, 28.08117619, 30.550814490000004, 31.336964530000003, 33.27439063, 34.8898424, 40.32705373, 41.2907323, 42.60932105, 45.8477713, 49.95694338, 47.81648995, 44.55558717, 40.45410704, 35.42915172, 30.803817380000005, 30.366901960000003, 26.38267101, 22.42538303, 17.57106236, 12.07504189, 7.6763722, 5.647278318, 9.251675474, 7.12808265, 5.08300663, 8.209948012, 7.8078968159999995, 6.631813835, 5.364384737, 4.282767006, 8.500828039, 8.942058127, 8.850903463, 8.553337161, 13.76892737, 15.459890740000002, 16.76796106, 17.6321855, 18.40102194, 17.14094408, 15.49264568, 19.65439775, 19.28034268, 23.18528284, 22.51417049, 22.74474427, 22.38991834, 21.81887745, 26.01037433, 25.23241029, 23.97527035, 22.42458629, 20.39623304, 18.32882813, 20.86829887, 19.45777357, 21.57456759, 19.71244518, 17.36516166, 14.46165163, 16.64464307, 14.26999606, 11.89471388, 9.490118496, 7.131279097, 4.624385265, 7.199449258, 5.531023374, 4.153509377, 2.879141499, 1.605836163, 14.64168628, 20.03470079, 20.41737283, 29.79925648, 29.978974069999996, 29.661350679999998, 33.41564911, 31.95204822, 34.80624597, 32.62083657, 34.70534301, 36.38023852, 42.74623732, 44.63324913, 51.07256227, 62.425767240000006, 74.29087869, 76.54075263, 82.40941661, 82.61893168, 81.3989273, 74.21895554, 84.57041229, 91.23961099, 88.27470149, 79.0580419, 68.78130701, 71.9888064, 66.77589166, 56.01099164, 51.43225188, 55.15841853, 55.17721597, 51.20881718, 47.14099375, 43.33572286, 49.66090737, 42.4937462, 39.47848877, 51.38040242, 55.30071263, 54.47997044, 72.71690335, 73.05863588, 82.16443607, 110.6547232, 106.9063399, 114.6556047, 116.9702749, 108.2043698, 96.99892416, 93.52405535, 90.33095176, 81.75722997, 68.27816347, 63.54865870999999, 49.88564466, 46.23236268, 39.21743802, 32.46748268]
Forecast: [30.122145700769348, 31.329952645496576, 31.707136313638536, 37.16441228997457, 39.00071808017609, 39.1259346916332, 43.97220101346599, 43.15529160518452, 51.403817361402965, 57.39654424910936, 56.308961984113004, 67.25467865021565, 72.69269106878687, 79.13736556299605, 80.24981336500588, 79.57197736190484, 81.91969121912206, 82.40120347155379, 84.53537280804049, 84.8311796226787, 81.12896505050246, 74.52040738987286, 72.66171459859179, 77.74041251244891, 78.34615135635852, 73.8705080773124, 71.09044134001223, 74.87834144419337, 74.64322564307042, 76.83835092799643, 82.248649759121, 79.7870905762644, 81.88400169606811, 83.42742889973898, 79.03436165332639, 82.43950051201782]
95% Confidence: [1.9016612706479605, 2.291360499460408, 2.4030035535438787, 1.9841767342774688, 1.5786685596699765, 2.4708741727755714, 1.4075088335518833, 2.4966844119523097, 2.2266828253861903, 2.5311444713744873, 2.2232031578931823, 4.306565122224149, 4.543633511167039, 4.366844353661786, 4.38982702257215, 3.571598822271694, 4.9850146588334345, 4.110175137823838, 4.3762822245817095, 4.73637105390103, 4.470606465252169, 3.032912916039632, 3.0567147916229485, 2.5073896566000426, 3.0746135859304795, 2.6169334935840745, 2.3351856598480514, 2.2512927960625855, 3.1238385383879184, 2.986980259336175, 3.103364472039353, 3.101665489689439, 4.306423939797534, 5.440839988837596, 5.352332987041553, 6.3777004269613125]
Variance: [0.0804782793757919, 0.11684207515615831, 0.12850533952245566, 0.08761390175522575, 0.055461844111892325, 0.13586691097642883, 0.04408740933233546, 0.13872017677125778, 0.1103389958015241, 0.14257593583840547, 0.10999440746272131, 0.41273794583893386, 0.45942962149103306, 0.4243730227415841, 0.42885167028680404, 0.2838819379281496, 0.5530256179316145, 0.37595248875153153, 0.4262093202525693, 0.49923353380394214, 0.44477992939415556, 0.204706756826484, 0.20793239671836306, 0.13991231584367952, 0.21037468384636435, 0.15240449589818467, 0.12135432978363958, 0.1127914685444085, 0.21716482596483652, 0.19855327010673487, 0.21432749221467767, 0.21409289626119346, 0.41271087498012693, 0.6587859075005377, 0.6375270041206851, 0.905191672927741]
