Data: [0.0, 0.0, 0.0, 0.0, 0.0, 0.0, 0.0, 0.0, 0.0, 0.0, 0.0, 0.0, 0.0, 0.0, 0.0, 0.0, 0.0, 0.13, 0.1431, 0.150597, 0.15282639, 0.150248049, 0.143420101, 0.132972345, 0.119580194, 0.103939852, 0.086745349, 0.068667936, 0.050338226, 0.03233134, 0.015155202, -0.000757977, -0.0150571, -0.027474597, -0.037826107, -0.046007682, -0.051990869, -0.055816012, -0.05758416, 0.072552032, 0.08749804299999998, 0.098324512, 0.105118599, 0.108079719, 0.10750233600000002, 0.10375762100000001, 0.097274648, 0.088521734, 0.077988459, 0.066168857, 0.053546151, 0.17057933, 0.170791811, 0.29585929, 0.299544243, 5.233874372, 5.847755258000001, 6.384815398, 6.476625061, 6.364955006, 10.883503309999998, 15.86369168, 16.06995046, 15.77348485, 15.16346126, 14.05953619, 14.07421754, 13.21520423, 17.52563612, 16.92925574, 25.00463573, 34.91233864, 40.07190111, 50.13335029, 59.03465405, 63.10478780999999, 75.85476456, 84.24410070000002, 96.4371802, 108.0878363, 104.3407918, 112.47822789999998, 105.4075736, 100.3517575, 94.35097034, 96.73973274, 114.7474269, 105.4819289, 94.63852278, 86.43030160000002, 102.3099935, 125.0424164, 151.8403245, 174.5632321, 210.2969519, 223.3283912, 240.0968349, 247.1155291, 262.808888, 275.8586444, 301.5576659, 298.6500552, 313.9737039, 311.0457766, 302.4392688, 285.0602337, 270.817295, 304.2641314, 302.4383603, 276.9920154, 265.8305445, 254.1303044, 232.38617920000002, 211.1248811, 194.84596640000004, 171.38956420000002, 169.9971153, 168.7239978, 179.8164721, 178.0552048, 188.7184081, 212.1037389, 214.5074244, 235.6855186, 256.2052378, 286.276828, 302.0229543, 296.4337794, 300.1005085, 288.0375495, 279.17976, 283.8123565, 274.8673227, 271.2007727, 254.6848544, 237.7099823, 225.981298, 205.9860432]
Forecast: [188.78024293946712, 195.9969040123787, 191.11805089669267, 175.47301583138884, 178.29030264062547, 152.90734234963142, 151.8583595483219, 157.24003759415353, 183.22477462943033, 175.62744616146165, 192.62286704322133, 210.7404716758882, 220.58130678828104, 231.7415368510851, 228.51072035163776, 224.84902601413947, 244.19702042879453, 267.79458120695097, 264.73271732746207, 268.2245981876118, 267.4418355341998, 258.1294171450178, 258.44866423671823, 269.0070614123663, 280.9627424179411, 258.7276194597024, 248.389077775777, 267.45937082495095, 259.4964399662524, 271.2569122014699, 269.98842012282284, 257.559735409954, 258.57068141462355, 260.8387973518308, 246.05873682069625, 272.6800404673917]
95% Confidence: [5.1159555811127175, 6.189093853646353, 10.430452246040032, 9.305652003309884, 9.817719453967417, 8.919159200329519, 9.241356132162986, 7.923834365325564, 7.8101245781993125, 9.48851752905041, 7.487997824957433, 12.677032712775715, 11.659039607867676, 13.51823658833144, 12.821612307876144, 12.086683382489662, 13.196556638789328, 10.589527229232683, 10.077762716162166, 8.51811194227568, 5.944100975238957, 3.996284223784361, 5.967499102495542, 6.854574629620284, 7.1508347236465175, 8.480345918034923, 9.178878471359779, 6.5238030435381225, 10.764378359814014, 7.746060881226247, 10.788970107949169, 10.347952633057153, 6.757777298244818, 10.183266871467149, 6.6767584535444175, 11.797242308279264]
Variance: [0.21699419723448324, 0.317576731566629, 0.9019881854261065, 0.7179400773146464, 0.7991270582240566, 0.6595419857636101, 0.7080532296086798, 0.5205534678829998, 0.5057204915241658, 0.7464337551420192, 0.4648641603131588, 1.3323853001246755, 1.126990180301149, 1.515076987645625, 1.3629495388146529, 1.2111804394169698, 1.443829049769674, 0.9297104104649231, 0.8420207251207137, 0.601563211297304, 0.29293211190401036, 0.13240589391950677, 0.2952427968590255, 0.3895431958766479, 0.42394349872653075, 0.5962408596011025, 0.6985119383635778, 0.35285507094104024, 0.9606661872137942, 0.497457949251282, 0.965060463587612, 0.8877759240893165, 0.3786189843124413, 0.8597433049881281, 0.36959482156409346, 1.1538664609005482]
