Data: [0.0, 0.0, 0.0, 0.0, 0.0, 0.0, 0.0, 0.0, 0.0, 0.0, 0.0, 0.0, 0.0, 0.0, 0.0, 0.0, 0.0, 0.0, 0.0, 0.0, 0.0, 0.0, 0.0, 0.0, 0.0, 0.0, 0.0, 0.0, 0.0, 0.0, 0.26, 0.2862, 0.301194, 0.30565278, 0.300496099, 0.286840202, 0.26594469, 0.239160388, 0.207879704, 0.173490698, 0.39733587099999995, 0.386876451, 0.36585668, 0.335963185, 0.298980144, 0.256726003, 0.21099549599999998, 0.163508174, 0.37586434, 0.355708959, 0.326897847, 0.551160911, 0.926462841, 0.936440693, 1.177327539, 1.158805875, 1.2373722, 1.170960727, 1.076061579, 0.9583704989999999, 0.823697412, 0.8077807109999999, 0.669222259, 0.784442984, 0.664608348, 0.536818924, 0.405703875, 0.275529215, 0.540106145, 0.462022197, 0.377885978, 0.290826801, 0.203748738, 0.11926602, 0.039653592, 0.7468128, 1.410851703, 1.7261611639999999, 1.758154844, 3.164204511, 3.2347230760000003, 3.201148093, 4.114896164, 4.663822544, 5.427941609, 5.64281052, 5.366908224, 5.217588911, 5.636673862, 6.054750101000001, 6.589376214, 6.722858429, 7.05130667, 6.565370887, 8.431067555, 10.97726253, 11.57952013, 12.40416637, 12.71422299, 14.02184726, 14.768053690000002, 15.516597860000001, 14.45478968, 13.48551863, 12.718609120000002, 11.72683229, 13.13242818, 12.41349163, 14.074043979999999, 13.06631979, 13.967378409999998, 14.69930983, 16.4970688, 18.40013982, 17.35089954, 16.2360563, 16.06561569, 15.07025068, 15.78231465, 18.81970278, 22.93876101, 23.92775059, 23.5000087, 22.32004073, 22.35846834, 21.77229913, 19.35157788, 19.38238141, 18.73863315, 19.14710072, 17.61030851, 17.00888626, 15.557339659999998, 16.55422752, 18.21479977, 18.69287081, 20.62234861, 22.05020818]
Forecast: [20.07193100926052, 19.800625444202222, 20.211132903116795, 18.210486653963308, 19.02175203390528, 16.354541745432176, 14.999870839147286, 15.145530589579497, 14.895585297917359, 15.151600518375254, 16.127414308752023, 17.13161813733564, 16.76143947930397, 18.02326443525902, 19.04411350326352, 19.366541389206198, 20.1792914486304, 22.587231916666305, 23.035463925998307, 22.33715826654749, 24.19119348648428, 23.51601516851655, 23.753749292333463, 24.51569792701498, 24.825449702258247, 22.82095412560952, 22.454880085781372, 21.781145087348722, 22.405964104146765, 21.057601302905024, 21.186048184296823, 20.23098853015968, 20.078997855403138, 20.85907926139792, 19.2715104927027, 19.94177838659999]
95% Confidence: [0.5696935611149525, 0.5193826172110618, 0.7017334096399067, 0.8109595480913744, 0.8528357814797732, 0.7746544282740345, 0.6095939210797854, 0.8378183768754439, 0.8401386342555185, 0.7006105851263412, 0.4513117209140808, 0.5733058711544271, 0.7999999643365701, 0.7048462359210544, 0.6404147475599576, 0.4905033460948578, 0.5284237322965363, 0.5655951379897216, 0.4908045873478721, 0.7243428604054238, 0.5753423582936463, 0.40833873582362895, 0.4221665516893573, 0.3983578407320797, 0.5076176732784252, 0.5551186366348909, 0.41688843412322746, 0.5377513363262888, 0.4381464664431314, 0.3192408078598544, 0.41815120500969793, 0.5601110229281883, 0.5169283411229217, 0.6800680620645955, 0.31879685696160387, 0.7765435260326177]
Variance: [0.03530763143133932, 0.029346804538200856, 0.05357106485674371, 0.07154582824690689, 0.0791255622471026, 0.06528327819943024, 0.04042659621052792, 0.07636348213416155, 0.07678702047228775, 0.05339977539888793, 0.022158442659150443, 0.035756808034119514, 0.06962511998992146, 0.05404738949595568, 0.04461785080119342, 0.02617398572056314, 0.03037740205215427, 0.034801445623386475, 0.026206147759208865, 0.057078732670013135, 0.03601128814537513, 0.018139577821271003, 0.01938891953847847, 0.017263653918947686, 0.028032344860018064, 0.03352413970160907, 0.018907129636853294, 0.03145929002319963, 0.02088452536720264, 0.011087222841441655, 0.019021848614730146, 0.034129842311281744, 0.029070109611580644, 0.05031421414755693, 0.011056406226723343, 0.06560206846019337]
