Data: [13.0, 37.0, 46.14, 53.1718, 57.255266, 59.75272742, 62.39786088, 63.46654516, 61.88436466, 58.44387127, 53.96411108, 48.32340358, 42.91706472, 35.88384781, 29.50743715, 22.43344444, 15.80384767, 9.96309515, 5.357525026, 1.111786163, -3.162732398, -6.214917132, -7.955435878, -9.253239673, -9.553665898, -9.667439524, -8.429812602, -8.043053994, -5.253679626, -3.285632307, 0.704179249, 8.113884273, 11.94920227, 15.16251239, 18.01961613, 21.51042102, 23.23683278, 23.90349838, 25.81639248, 25.83350539, 27.94390184, 31.4349416, 34.21382913, 36.76841304, 36.57448616, 35.81271739, 33.91274397, 33.88538557, 37.25420145, 38.1485097, 42.13893183, 42.91614379, 39.60815024, 41.73271154, 43.07283537, 40.72676175, 39.49349264, 39.13874566, 37.35531101, 39.07956049, 40.58899822, 37.70982222, 38.10726915, 38.38175332, 40.03733647, 41.36624122, 42.63126825, 43.51085453, 42.36715654, 43.53681366, 44.10340066, 47.34022694, 49.74316378, 49.91351202, 51.84942008, 55.14625473, 53.26901828, 54.82143492, 57.87396685, 58.51502658, 60.42652954, 58.19408632, 55.91906483, 53.66397354, 52.88447218, 52.93638679, 52.35501833, 49.48113617, 46.82020814, 48.55076667, 49.87174635, 48.49447566, 46.25009778, 45.19265475, 46.31517638, 45.42599056, 46.1129436, 44.39781303, 44.13226113, 47.74929658, 51.20214959, 57.63365281, 59.38299613, 61.28591523, 63.51996496, 62.36501077, 60.59460168, 61.83339544, 62.52330797, 63.87853, 60.12187393, 60.97722725, 58.44772842, 61.36774762, 58.20473247, 52.84187687, 50.05005051, 47.61590528, 45.76669741, 49.65940941, 46.99306792, 43.81356855, 42.38761205, 38.19262285, 35.49135388, 35.87547119, 31.88491263, 30.21686255, 31.8791116, 31.9787624, 34.31908525, 35.54580325, 39.79347536, 40.53257599, 40.57178928, 42.32992757, 41.7423542, 45.41126754]
Forecast: [42.70446155972361, 43.087213798552156, 45.37727359175682, 44.915269133611915, 46.18151894529879, 43.79546935141265, 42.89780803818166, 42.18801808011413, 41.479320862231255, 43.81161296947181, 44.576146545571085, 44.430119143820406, 44.25829622028887, 45.70357647177756, 44.32117637412071, 45.336621372413035, 46.130887380923625, 49.550071418739556, 51.018603810673355, 50.0164163779664, 53.95012112956166, 53.42684707193374, 54.86939356923222, 56.948916215220095, 58.0657119137758, 56.11560092680037, 56.88301294045925, 60.31303680860877, 61.19827438935697, 60.72060605274618, 59.813700233702065, 57.1151688290298, 56.787571413598656, 54.990299369106886, 51.14468013727546, 52.11604620484352]
95% Confidence: [1.0136278893963993, 0.8695704302488733, 1.0948421389441565, 1.2078612673902138, 1.0442747064243443, 1.3235510890184343, 1.4455605755168943, 1.3810582069988921, 1.4143259823007694, 1.9729889257784745, 1.260805742964167, 1.3954799025893583, 1.5979202543394266, 0.9626932752335258, 1.4293893533938378, 1.4622192711304314, 0.7285823764305934, 1.3001497438486294, 1.1236223501340112, 0.9231994747092016, 1.0172063041452877, 1.2221881335025466, 0.6060622742415313, 0.9076350065682549, 1.2668877987154201, 1.1032158079311065, 0.9378822785678785, 0.8968136780964583, 1.0749779214104265, 0.9735248362462502, 1.3490462976213544, 1.3651163841654732, 1.2941646592701226, 1.0552483926712348, 1.1389912696585058, 1.0904263216016628]
Variance: [0.04186875765714969, 0.03081359963680705, 0.048846777964076604, 0.05945208530112577, 0.04443881350182986, 0.07138622118992265, 0.08515408269899548, 0.07772431355756008, 0.08151394550119642, 0.15862889488633722, 0.06477826042819303, 0.07935607663220492, 0.10405025426773937, 0.03776668370255211, 0.08325953815722371, 0.08712804097955232, 0.021631680758702566, 0.06888420133139705, 0.05144862458816555, 0.03473154176889104, 0.0421648915560072, 0.060870816689753554, 0.014968127033425553, 0.033570311975254445, 0.0654047507210751, 0.04959682841959409, 0.03584508539341448, 0.032774598062202565, 0.047090357851951266, 0.03862130909033527, 0.07416289850966074, 0.07594029681797605, 0.06825146442922764, 0.04537768631415616, 0.052865667904997825, 0.04845354647299915]
