Data: [0.0, 0.0, 0.0, 0.0, 0.0, 0.0, 0.0, 0.0, 0.0, 0.0, 0.0, 0.0, 0.0, 0.0, 0.0, 0.0, 0.0, 0.0, 0.0, 0.0, 0.0, 0.0, 0.0, 0.0, 0.0, 0.0, 0.0, 0.0, 0.0, 0.0, 0.0, 0.0, 0.0, 0.0, 0.0, 0.13, 0.1431, 0.150597, 0.15282639, 0.150248049, 0.273420101, 0.276072345, 0.270177194, 0.256766242, 0.236993398, 0.342088037, 0.58641057, 0.588708534, 0.573115444, 0.541888201, 0.497527036, 0.442676176, 0.380030117, 0.31224776, 0.241876206, 0.171285522, 0.10261534, 0.037733716, -0.021791757, -0.07471093, -0.120096858, -0.157341287, -0.186141035, -0.076476576, -0.075484267, -0.07232666, -0.067315014, -0.06078508299999999, -0.05308459200000001, -0.04456161200000001, -0.035554082, -0.026380683000000002, -0.017333203, -0.008670475, 0.129386095, 0.279755425, 0.306695159, 0.32174006399999994, 0.32562827799999994, 0.31935882099999996, 0.304135546, 0.281310532, 0.252328703, 0.478675196, 0.468026784, 0.44440241, 0.40980839999999996, 0.75637954, 0.7456021789999999, 0.71353449, 0.663267534, 0.598129248, 0.521560913, 0.4370025840000001, 0.347790011, 0.257064994, 0.16770053, 0.212241496, 0.14596112, 0.081929949, 0.021843996, -0.032888682, -0.081161431, -0.122172062, -0.155416469, -0.18067393999999998, -0.197985447, 0.052373761, 0.206125835, 0.498318927, 0.546343141, 1.09317464, 1.15252775, 1.171369717, 1.153186395, 1.102225813, 1.023294516, 0.921557512, 0.802347484, 1.190988034, 1.235034888, 1.13762601, 1.015829239, 0.875737268, 0.8533823769999999, 0.707661503, 0.555282871, 0.401483617, 0.251019779, 0.10807173199999999, -0.023823662, -0.141814808, -0.243752394, -0.32818365, -0.394326271, -0.442024841, -0.47169281, -0.484243197]
Forecast: [-0.3287288987874541, -0.3495079073758399, -0.2681704748289188, -0.2087004127333027, -0.14134942115088844, -0.049572776580665945, -0.006298988139260061, -0.04956051067861086, 0.08191719655658555, 0.1588738341192659, 0.2365782960330466, 0.3276018712677941, 0.2513472150524343, 0.348807766373914, 0.33520430128602574, 0.3706213435293345, 0.39773721341498564, 0.4648895765189595, 0.5118805141420713, 0.5433172573659145, 0.4110133914778962, 0.4840059066571297, 0.5056597786392059, 0.5097827412336616, 0.3965274439663839, 0.3952175965352232, 0.4192917803595686, 0.3686582839038105, 0.43956333210884424, 0.47570053831197234, 0.411060246671643, 0.4637241593943679, 0.5083792570288231, 0.5880295897421421, 0.5448818085996895, 0.5038758950413013]
95% Confidence: [0.03158119193386638, 0.04002322892889109, 0.03981656734280321, 0.03074398890824501, 0.039772284031745375, 0.02546168923029515, 0.033861260255339205, 0.03505313924627356, 0.0213838519049153, 0.026897241453634767, 0.02751072519179195, 0.03451882486656081, 0.03127848272163373, 0.03099491310150504, 0.036789670757174896, 0.03883991444533691, 0.042910795265125125, 0.04867176187891817, 0.0378801536181614, 0.03937822007412421, 0.04710024953868815, 0.04858956745273134, 0.043818094746395496, 0.05190466902845102, 0.05121229888495382, 0.0450782804570826, 0.04919570361190054, 0.03796566296649027, 0.037659809064064576, 0.0330765783868483, 0.03472448806527212, 0.03430479959846274, 0.04001473113403147, 0.03584352388505602, 0.03892614382880142, 0.04787674187017304]
Variance: [0.0021021592566360645, 0.0033762366995128018, 0.0033414599226340054, 0.0019921823725088487, 0.0033340318285350052, 0.0013664163417204105, 0.0024166564562291353, 0.002589777459946258, 0.0009637858638413054, 0.0015248397432528343, 0.001595190971717404, 0.0025114273427563906, 0.002062053817177964, 0.0020248344131187732, 0.00285272859791404, 0.003179545759708162, 0.003880983054921437, 0.004993014060047094, 0.00302435029524249, 0.0032682921030537763, 0.004675789986176351, 0.004976163972635619, 0.004046835844545716, 0.005678341431762289, 0.005527860414600469, 0.004282953021336257, 0.005101089493561517, 0.003038020035768902, 0.0029892678484958073, 0.0023059494725774015, 0.0025414430885885336, 0.0024803807159492967, 0.0033748032429827806, 0.002707883926077185, 0.0031936801874467135, 0.0048312310217306165]
