Data: [157.0, 199.0, 217.4, 228.648, 235.41176, 245.7867912, 259.4507155, 267.264726, 275.4393936, 277.0734127, 276.8218274, 268.2707459, 266.9566501, 249.0952644, 257.3471594, 247.5834501, 236.66860820000002, 227.7451922, 230.5817621, 229.9772221, 228.1438195, 221.8194425, 212.71292, 212.57566209999996, 196.3548601, 183.11549259999998, 173.956597, 164.834893, 169.2003127, 172.463181, 219.0658671, 253.7563085, 284.2350165, 305.2788033, 326.8998473, 344.9617913999999, 359.85868740000006, 372.5101332, 414.5011304, 471.2679939000001, 531.5201313, 589.631451, 634.3126953, 650.2364342, 649.5807062, 660.1831298, 646.8098172, 648.0095413, 658.6590068000002, 672.0137555000001, 692.7126167, 730.6402132, 728.3158437, 763.7444359, 782.0978357000001, 785.3529605000001, 793.1019839999999, 772.4530457, 761.3854098, 757.8829752, 776.7342948, 792.6584536, 785.0204429, 804.54562, 832.5419107, 863.3123151, 881.0963096, 866.9590154, 877.4166801, 862.2560779000002, 856.6838537, 860.3983362, 894.3494204, 877.3749136, 888.45661, 950.5564385, 962.589591, 990.3217405, 1005.381023, 1016.182946, 1036.569189, 1037.489732, 1049.023528, 1076.763239, 1102.696082, 1113.124758, 1119.246824, 1127.569278, 1136.282409, 1191.895754, 1210.440892, 1167.65829, 1167.794199, 1184.652691, 1151.355753, 1167.647837, 1180.391277, 1160.708634, 1147.682997, 1174.099434, 1182.441244, 1237.405636, 1209.391419, 1172.886882, 1130.166191, 1080.652585, 1015.460761, 1000.8742970000001, 979.0702499, 956.4845004, 948.8527908, 1011.8286680000001, 1052.392098, 1120.607422, 1126.262991, 1119.905113, 1113.27587, 1125.591275, 1156.137401, 1165.964792, 1189.280501, 1185.806224, 1162.955187, 1131.350599, 1072.675952, 1055.86849, 1020.675721, 967.1719561, 924.3734094, 869.4635151, 832.2607048, 827.8603543, 802.6242283, 791.832988, 803.9858821, 813.1439104, 835.7718185, 863.8237812]
Forecast: [815.2804307031007, 819.7741091050817, 853.5682641056125, 851.7960760011136, 879.8386589704711, 822.7766064226298, 813.815358932343, 782.9212553829899, 793.5660373194765, 834.8181628856272, 855.1117375725197, 870.51977288693, 871.3493705146727, 895.1185816355758, 889.811384222748, 887.233790170974, 916.196542059581, 987.4021720866599, 1015.7495112258105, 988.3843690646694, 1041.419244365888, 1038.1485734197418, 1049.06160273995, 1092.769036363316, 1118.1104116941199, 1080.5664724659869, 1082.4298219029795, 1134.7955169698002, 1159.947194123279, 1158.2444095898775, 1136.2810926648567, 1102.1686105518315, 1099.474852180739, 1065.9726199585336, 976.8257611495435, 1011.4108660931676]
95% Confidence: [17.918436143940323, 9.84796385138975, 14.68522012380768, 17.03187190277936, 27.954065297067245, 30.714678077805704, 31.191968224805727, 20.406987018170042, 21.000416131164936, 31.278420753641416, 28.6880255782663, 31.275551218372538, 35.31923117385067, 33.27012715378583, 22.06167860143438, 26.239931694056384, 29.375409499052875, 24.857193689463323, 33.30096370990017, 32.188367673760446, 24.830392921506263, 18.736269829504483, 13.765375035646722, 22.08053455969519, 15.32706371318046, 15.522533228909946, 15.32242175010293, 16.301462239316624, 16.501334013972667, 22.050691392898834, 13.88622165287588, 27.699234431257427, 20.223322931876062, 14.38789593511857, 18.66106149971235, 15.556609248333853]
Variance: [0.6754232022436456, 0.20401808745865302, 0.4536664674142036, 0.6102398071117522, 1.6438634092135727, 1.9845757778648156, 2.0467336283555295, 0.8760592499603831, 0.9277511476068399, 2.0580950865210217, 1.7313191229695697, 2.0577172355666904, 2.624207865960093, 2.3285451842886182, 1.0238888621604165, 1.4484424393367772, 1.815280111543687, 1.2998105961170452, 2.332863460330547, 2.179584180020222, 1.2970087657465772, 0.7384855613665534, 0.3986134177072564, 1.025640042155203, 0.494189757815912, 0.506875098838072, 0.49389041573314424, 0.559022023820401, 0.5728142318918713, 1.022869399253897, 0.4056430228378929, 1.6140287415427617, 0.8603612210250932, 0.4354820481112081, 0.7325689455366793, 0.5091029141150325]
