Data: [9.0, 5.0, 4.56, 3.1072, 1.106464, 0.31260768, 0.348758762, -0.43916802800000004, -0.525127097, -1.026736447, -0.867382769, 0.262057025, 0.460691129, 1.235641088, 2.626026819, 3.3485931720000006, 3.918445095, 4.303758473, 7.211427757999999, 8.221987283, 8.834831236, 9.661345857, 11.26536864, 11.39102809, 11.28239074, 11.87614541, 11.21424026, 11.5120984, 10.98480779, 11.110702, 16.16068573, 16.75085051, 19.7094733, 21.15094961, 21.73374981, 23.58625749, 22.85592667, 23.15295114, 27.295684630000004, 30.89527423, 37.48804664, 45.70690041, 51.5726618, 55.22466719, 55.834732020000004, 58.99874841, 57.50640071, 60.78809576, 63.47797843, 67.54453348, 73.76809702, 76.1762613, 79.01832131, 89.81562568, 93.79873084, 92.34956356, 94.5948261, 92.00771761, 90.00908843, 90.78004952, 94.93051302, 96.69801478, 96.31782591, 99.80612116, 104.4114032, 112.85381500000001, 117.5663712, 119.1506806, 117.1120386, 113.8138997, 112.2811577, 119.22325509999999, 134.5844452, 137.4119829, 141.9744073, 158.7013571, 167.1045712, 181.4243267, 188.0293769, 193.4530408, 202.910747, 202.0253602, 207.2177513, 212.1743708, 235.1200971, 253.99764790000003, 272.6775142, 295.1990685, 322.4924953, 378.2118045, 432.74282869999996, 450.42846560000004, 481.20268479999993, 502.77340159999994, 549.7738446, 585.821028, 617.7688622, 634.8688472, 648.9527682, 685.3897141, 712.0112739, 771.5903396, 765.0937885, 749.9540789, 737.0097178, 706.6795014, 669.1619215, 669.531242, 675.2676931, 663.8224684, 665.7070921, 704.2620406, 754.3236331, 835.8593573, 853.8857284, 833.1028906, 823.8652498, 812.5254155, 814.4338023, 837.6983363, 840.2154668, 823.4644203, 798.4645458, 756.5807223, 721.3378596, 702.5591473, 673.4515319, 626.511132, 592.8894382, 557.7732306, 539.0554468, 542.257778, 528.9521428, 520.2885068, 520.2625792, 529.9913669, 574.8075349, 634.5678601]
Forecast: [596.754765490451, 614.2524538960247, 647.9242917858732, 641.1117689928468, 659.1904810602375, 621.044822049065, 620.3591571250988, 600.3180651235213, 604.3590704407028, 630.4137268047527, 623.9637330536959, 619.0205022238102, 635.0508208681853, 616.9389248985955, 606.8862383544957, 612.2125600307808, 632.1050370102398, 682.9365150258977, 688.5149223886737, 673.4215400258674, 737.9159299208849, 712.5522825141306, 738.5800151293106, 781.7594990591944, 794.7013736035012, 766.9748491361728, 778.3239981660349, 798.4939577141894, 832.4870483504803, 824.5834775337706, 821.4792558114913, 771.297866726491, 792.6510461493757, 766.6473362364012, 704.0703855000465, 721.1174446570457]
95% Confidence: [12.79489454190934, 18.208071074175503, 17.282766017529205, 18.07327578586674, 22.64330382149875, 22.470362314327705, 23.12839095164653, 26.397431568533154, 26.45798773668536, 29.127265584406967, 27.934490069127776, 20.61341729485897, 28.19607413866755, 16.54699919061182, 16.28923546870827, 14.387690037742864, 14.247851317979286, 19.279719938775287, 20.293782072790236, 12.59761939249832, 13.031852319764903, 16.402885244184557, 18.6646964553848, 13.013463119361061, 19.090254871407435, 16.15894443706303, 12.693912988299214, 16.22936002861114, 15.85742644227333, 17.25364103588285, 21.245616437751366, 17.53349820034044, 28.428988105588434, 20.98542245307173, 24.873155804804615, 21.049916664832303]
Variance: [0.4990699881892424, 1.0106853331926515, 0.9105726820254975, 0.9957764146136403, 1.5630314369870968, 1.5392467112658386, 1.6307183508027348, 2.1242784974854034, 2.134035930959501, 2.586351492432221, 2.378863831708881, 1.2953530222953211, 2.4236246834918975, 0.8346927766357127, 0.8088900719596989, 0.6310594104865073, 0.6188520816734069, 1.133155447608101, 1.255492259406456, 0.4837990849121329, 0.5177264896649454, 0.8202165696840038, 1.062013302123866, 0.5162664234159637, 1.110993514745954, 0.796001766578063, 0.4912235237763123, 0.802954427499863, 0.7665729523820087, 0.907506224805414, 1.3760263546045055, 0.9371848944288114, 2.4638311782989244, 1.3425284308040846, 1.8860356068529585, 1.3507929942531813]
