Data: [0.0, 0.0, 0.0, 0.0, 0.0, 0.0, 0.0, 0.0, 0.0, 0.0, 0.0, 0.0, 0.0, 0.0, 0.0, 0.0, 0.0, 0.0, 0.0, 0.0, 0.0, 0.0, 0.0, 0.0, 0.0, 0.0, 0.0, 0.0, 0.0, 0.26, 0.6762, 2.030494, 2.70844378, 3.357345269, 3.44063625, 3.672379046, 3.570776191, 3.372210336, 3.612334756, 6.960076692000001, 8.264242133, 11.180063769999999, 11.818901319999998, 12.83928808, 13.80245753, 14.1952363, 13.322880109999998, 15.25807313, 17.00200466, 18.72148289, 22.05736881, 24.667945080000003, 24.41742537, 27.72943487, 28.448360370000003, 29.07194251, 29.39100816, 30.076437, 29.40102985, 33.36113252, 34.19439094, 34.2684918, 36.78712781, 37.25028639, 38.87962052, 43.65963262, 46.81185453, 47.98449862, 49.520343340000004, 46.44699328, 45.86756843, 47.26005902, 49.72549877, 50.33262959000001, 51.39906844000001, 57.54689135, 60.70352523, 64.71338996, 64.02086652, 62.22696943, 63.04565297, 62.39109856, 59.09026664, 59.20680991, 60.56549455, 57.4213459, 57.16897173000001, 56.76676583, 57.22177754, 59.134634760000004, 65.20216721, 62.8568814, 65.89041773, 67.77388789, 69.3057944, 70.54533643, 70.93456416, 70.1368322, 66.91476846, 70.61746805, 71.88137363, 72.07244745, 68.32224046, 63.38738696000001, 62.1943972, 58.60487449, 52.88615783, 52.09272809, 52.63585949, 50.90560196, 47.95120213, 46.77370621, 46.710748699999996, 47.83276448, 46.52759575, 42.80711602, 40.35447078, 42.436455939999995, 43.57714891, 44.77645811000001, 46.58254265, 48.45054246, 50.67822601, 47.89279443, 47.04912217, 44.25834347, 45.74889234, 45.72791955, 43.53720645, 43.23944847, 38.89428284, 35.92680528, 33.11827132, 31.21704261, 32.0594255, 31.49578734, 31.57363937, 33.61649701]
Forecast: [31.569900924725232, 32.47081425038496, 34.18424084631823, 34.20844797587899, 37.59823010748918, 37.02886639183289, 37.82252946077323, 38.27129570559384, 40.52572479813103, 43.94481108844551, 45.160932600710446, 46.929101246686784, 48.64822414320525, 49.957853479631474, 51.30569012933425, 50.8693431944622, 49.79468410924885, 53.449548271070334, 53.24384995966704, 51.79259495378936, 51.617951361036404, 50.20915226668471, 50.301998529541244, 52.2542315730845, 52.50950402381896, 51.23296134433628, 50.92127575688633, 53.586478573599, 54.058567002338926, 55.01872872744886, 57.10094567982075, 56.318722466429705, 56.25144511841711, 56.075710379096556, 55.716830554671546, 56.97093599587635]
95% Confidence: [0.9887102164878233, 1.0670043456885183, 1.4514240208295293, 1.3156193659348872, 1.4263753068898029, 1.5639176341726124, 1.7193900448537884, 1.394021361310172, 1.3707832150079007, 1.384910663357809, 1.2630268531507305, 1.3255703058122765, 1.50684145945301, 1.3338780820593221, 1.7019875458563416, 1.8495435056158356, 1.8353779315738508, 1.8454445909814163, 1.5034712288206746, 1.7667140971254574, 1.693223603758323, 1.3320914101021122, 1.3012569881443659, 1.7723805952330405, 1.8771646298075761, 1.5335515943967508, 0.8855287363117543, 0.834764578679842, 0.7235126681144439, 0.7101808250958455, 0.9018929814270868, 0.7416872794991395, 1.326687093250253, 0.5991204155858956, 1.2142471780650241, 0.9682745770439719]
Variance: [0.035306664644311155, 0.041119796479354105, 0.07608643012455815, 0.06251426267854988, 0.0734828833313258, 0.0883377487424062, 0.10677446586979125, 0.07018712113649608, 0.06786660139167354, 0.06927268765509044, 0.05761608033064822, 0.06346351605918923, 0.08200750784239416, 0.06426150005108537, 0.10462398050278088, 0.1235513897185718, 0.12166610612866474, 0.12300439007745331, 0.0816410934280725, 0.11273302322374218, 0.10354930416703431, 0.064089468773028, 0.06115679002866553, 0.11345734425050043, 0.12726920684863116, 0.08494060190844628, 0.028322002616460375, 0.02516788189847734, 0.018906487910070633, 0.01821614145607674, 0.029378436261626496, 0.01986827855201841, 0.06357049285803976, 0.012964231932438664, 0.05325161152496466, 0.033862232442467076]
