Data: [0.0, 0.0, 0.0, 0.0, 0.0, 0.0, 0.0, 0.0, 0.0, 0.0, 0.0, 0.0, 0.0, 0.0, 0.0, 0.0, 0.0, 0.0, 0.0, 0.0, 0.0, 0.52, 0.5724, 0.602388, 0.61130556, 0.600992197, 0.833680405, 0.818089379, 0.779514775, 1.111412188, 1.076777494, 1.013302945, 0.925776762, 0.819229895, 0.698760817, 0.569375823, 0.435848053, 0.302597619, 0.1735943, 0.05228348399999999, -0.058464756, -0.156384228, -0.109820227, -0.164618019, -0.208997491, -0.242669091, -0.265693459, -0.278444585, -0.151567262, -0.132830653, 0.278017214, 0.729439779, 0.8138368929999998, 1.6453791899999999, 2.134405881, 2.210497726, 2.212665455, 2.408236448, 2.312003248, 2.15603327, 1.950979292, 2.747901333, 2.71269413, 2.499626824, 2.362877443, 2.458916677, 2.301584488, 1.9909379819999997, 2.301627988, 2.012200154, 1.6913490980000003, 1.351842675, 1.005731614, 0.9240597110000001, 0.752833207, 0.4761443570000001, 0.212840061, 0.879480993, 0.753073402, 1.136714368, 1.5678898059999997, 2.028911007, 1.982962757, 2.402120449, 2.307298759, 3.9727402750000005, 5.252455431, 5.376625409, 5.227079626, 5.065676033, 4.928442519, 4.45707908, 4.289139612, 4.489319904, 5.104802568, 5.12559289, 4.980536392, 4.920569453, 4.448982124, 4.051084064, 3.891443288, 4.271023291, 3.6845145949999996, 3.046121331, 3.030183753, 2.424934421, 1.807461989, 1.19751294, 0.612633409, 1.367862828, 1.91653342, 2.302840951, 2.8614325, 4.238321919, 4.280372739, 4.089807294, 3.795604175, 4.716953243, 4.794658807, 4.68075405, 4.237817147, 3.71203942, 3.647478284, 3.339948912, 2.76297401, 2.160807378, 1.554033188, 1.091315422, 0.6721299690000001, 0.174699162, -0.278229538, -0.287518483, -0.587252978, -0.7093964350000002, -0.898043653, -1.040884839, 0.161784638, 0.759333628]
Forecast: [-0.4092217988251309, -0.23007439065293908, 0.13098582733805753, 0.4363567911045918, 0.8932978094519799, 1.1705972920971677, 1.3072606687904134, 1.4572955730885857, 1.743892905448012, 1.7465611540510777, 2.0122225413149732, 1.8116755854607256, 2.4116639399413513, 2.2865268940725496, 2.549636043542208, 2.651452032589763, 3.082860337777697, 3.0789672457731276, 3.3157231940355305, 3.650465973474514, 3.652883933564609, 3.361396521282749, 3.597193297305304, 3.6444680223749484, 3.5373711379868196, 3.4493910402513555, 3.5061792925886692, 3.418667083750692, 3.5382825599213765, 3.9912877833905034, 4.051877793255822, 3.9958122049348326, 4.126907303158174, 4.388498537721705, 4.542168954776943, 4.646958762334244]
95% Confidence: [0.07414432660031699, 0.07043550590811412, 0.07273972853654914, 0.05095303083310948, 0.09421006043794232, 0.1149659404141061, 0.13051312134811144, 0.15230958342815748, 0.1856242043005336, 0.18316920968255096, 0.19611250678113062, 0.18941694855782512, 0.24662263550612026, 0.22098184321606537, 0.24364825617064045, 0.2597152724856786, 0.2941165833490096, 0.2709772941538194, 0.27441537622327694, 0.28602090365305727, 0.29605583861676144, 0.242769342099124, 0.28110009849223566, 0.28311035830372006, 0.2895291289981569, 0.28763379840301584, 0.29825401510787863, 0.263374019451695, 0.2508215578007464, 0.2803608700872892, 0.28583166502705315, 0.3017537078900361, 0.2941076501962579, 0.30800893779474775, 0.33348324495997766, 0.35610607374327996]
Variance: [0.0026615452959334153, 0.0024019354023526534, 0.0025616596352600767, 0.0012569502052930629, 0.004297071492363562, 0.006399065431339302, 0.008246820353308967, 0.011231364029283066, 0.016681966738962314, 0.016243627599141216, 0.018620385775486886, 0.01737063695442142, 0.02944719165247744, 0.023642379922186235, 0.028741187164855717, 0.03265675976879645, 0.04188099860185441, 0.035550345147074294, 0.036458179299149754, 0.039607153199410446, 0.0424351044410893, 0.02853420241029108, 0.038256041386268744, 0.03880517740817962, 0.040584722526259574, 0.040055100235443584, 0.043067600698669196, 0.033583346531328766, 0.030458453085991176, 0.03805510303414113, 0.03955475855601517, 0.044084237546689053, 0.04187846487130937, 0.045930871443113724, 0.053842610313292405, 0.0613955408911089]
