Data: [0.0, 0.0, 0.0, 0.0, 0.0, 0.0, 0.0, 0.0, 0.0, 0.0, 0.0, 0.0, 0.0, 0.0, 0.0, 0.0, 0.0, 0.0, 0.0, 0.0, 0.0, 0.0, 0.0, 0.0, 0.0, 0.0, 0.0, 0.0, 0.0, 0.0, 0.0, 0.0, 0.0, 0.0, 0.0, 0.0, 0.0, 0.0, 0.0, 0.26, 0.2862, 0.301194, 0.30565278, 0.300496099, 0.286840202, 0.26594469, 0.23916038800000003, 0.20787970400000003, 0.173490698, 0.137335871, 0.880676451, 0.92326268, 0.933892405, 0.915442385, 0.871374096, 0.805571413, 0.722181856, 0.625465799, 0.519657373, 0.668840069, 0.583039294, 0.48832741699999993, 0.388436905, 0.286882337, 0.186876756, 0.871265431, 0.861077275, 0.826075616, 0.769791855, 0.696042714, 0.608787206, 0.511993632, 0.40951960700000006, 0.305007396, 0.20179618499999996, 0.7528522090000002, 0.986217064, 1.486658922, 1.492456826, 1.452901236, 1.373714167, 1.26123438, 1.12216554, 0.963338618, 0.9214942299999999, 0.756189454, 0.584729472, 0.41287360300000003, 0.24581711399999998, 0.08809176, -0.056503810999999994, -0.184944711, -0.29499318, -0.385187006, -0.45480584, -0.503818615, -0.532815554, -0.542928332, -0.535741983, -0.513202009, -0.477519972, -0.43108054000000007, -0.37635263499999994, -0.315806941, -0.251841608, -0.18671756099999998, -0.12250439099999999, -0.061037406999999995, -0.003885999, 0.177666849, 0.235734406, 0.280923175, 0.313165372, 0.332788388, 0.340465451, 0.337160844, 0.324071873, 0.302569642, 0.274140545, 0.240330142, 0.202690875, 0.162734808, 0.12189230299999998, 0.08147728, 0.042659441, 0.006443603000000001, -0.02634396, -0.05506244799999999, -0.079257213, -0.098654786, -0.113152957, -0.122806723, -0.127810911, -0.128480352, -0.125228439, 1.051455136, 1.1789267, 1.258283306]
Forecast: [1.309943635330796, 1.4844227310832174, 1.51655893283563, 1.5059281726109117, 1.5895142862334652, 1.649673479374867, 1.6478996696372779, 1.7173438760771065, 1.6460596756246249, 1.7075889900086725, 1.6012929522181558, 1.5745769223469528, 1.5456794801194227, 1.2600909528407163, 1.27677125826126, 1.2217693680053519, 1.2095677097788238, 1.2766360430756465, 1.303314443984011, 1.131100202590618, 1.2565534745044586, 1.2824197836829105, 1.2616130132524592, 1.353563609422959, 1.3252841539680984, 1.4624451928515416, 1.503631827346813, 1.4238742605390224, 1.585344321075028, 1.603694800909977, 1.6316194054599606, 1.5482295317712649, 1.819868655592028, 1.8922680254963862, 1.8928336163846307, 1.8271366497334787]
95% Confidence: [0.0380125608699376, 0.03323702961007496, 0.042062586489244505, 0.039661188144053124, 0.043803415286000805, 0.04167088777833748, 0.04278127855208769, 0.04020356116160991, 0.042389593740768, 0.0414611040865787, 0.02923550243090406, 0.027178772152906473, 0.03929023873712267, 0.028563207190591543, 0.021222573805718115, 0.024153660405062605, 0.02548983607551386, 0.030097818929699715, 0.022451496090401438, 0.026696848440677986, 0.020406515133579755, 0.02078510792358679, 0.020704999041929142, 0.021827041839743894, 0.027464539328801302, 0.022530948911536786, 0.016091418823922708, 0.018659096542467023, 0.03660709575661176, 0.02664686830453186, 0.03296616279180531, 0.0315485744584042, 0.04271029891939293, 0.032676453692941726, 0.03440809764238578, 0.0351642046144225]
Variance: [0.002520230955935186, 0.001926772958783831, 0.0030858724039285147, 0.0027435792549760753, 0.0033465862686279, 0.003028667262284655, 0.0031922257914163833, 0.002819130114456262, 0.003134040381375587, 0.002998249752846206, 0.0014907580198256394, 0.0012883852405452241, 0.002692497924023183, 0.0014229839794604635, 0.0007855652362040823, 0.0010175412697222652, 0.0011332355273902328, 0.001579996324191024, 0.0008791774800871355, 0.0012431000375118305, 0.0007263129025265456, 0.0007535129615499689, 0.0007477157042889989, 0.0008309517324801939, 0.0013156209606974088, 0.0008854112712629059, 0.000451621612801146, 0.0006072497323777902, 0.0023373115178570093, 0.0012384499305682613, 0.0018954959336134347, 0.0017359832268658026, 0.0031816419506386796, 0.001862326827116799, 0.0020649398955133015, 0.002156689681565627]
