Data: [0.0, 0.0, 0.0, 0.0, 0.0, 0.0, 0.0, 0.0, 0.0, 0.0, 0.0, 0.0, 0.0, 0.0, 0.0, 0.0, 0.0, 0.0, 0.0, 0.0, 0.0, 0.0, 0.0, 0.0, 0.0, 0.0, 0.0, 0.0, 0.0, 0.0, 0.0, 0.0, 0.0, 0.0, 0.0, 0.0, 0.0, 0.0, 0.0, 0.13, 0.1431, 0.150597, 0.15282639, 0.150248049, 0.143420101, 0.132972345, 0.119580194, 0.103939852, 0.086745349, 0.068667936, 0.050338226, 0.03233134, 0.275155202, 0.285442023, 0.2861369, 0.278178183, 0.262669992, 0.24083251999999997, 0.21395382, 0.18334437599999998, 0.150295544, 0.116042729, 0.081733914, 0.048403963, 0.276954889, 0.274342075, 0.26376028, 0.246323856, 0.223241359, 0.195769871, 0.165172435, 0.132679571, 0.359455605, 0.352770368, 0.336170543, 0.311145585, 0.279288755, 0.242238945, 0.201626948, 0.159027342, 0.11591687700000002, 0.073639952, 0.03338152, 0.126147487, 0.36585243199999995, 0.630611309, 0.64997596, 0.647904866, 0.626603736, 0.588634607, 0.536803353, 0.994051123, 0.9757525830000001, 1.190011319, 1.407143842, 1.360348798, 1.407422794, 1.307566706, 1.178469227, 1.026927418, 0.859731968, 0.943464103, 0.790519102, 0.629153028, 0.465048971, 0.30340385, 0.148821126, 0.00523204, -0.124155098, -0.236878869, -0.071223898, -0.119997706, -0.160294203, 0.068247777, 0.331888125, 0.359207794, 0.893019263, 0.9466590070000002, 0.966535006, 0.955427356, 0.916767649, 0.8544708840000002, 0.772769669, 0.676055485, 0.568731055, 0.45507713699999996, 0.339136296, 0.22461544999999997, 0.11480822600000001, 0.012537477, -0.079882322, -0.03066367, -0.085446974, -0.002188538, -0.02719029, -0.048876158, -0.066927154, -0.081165236]
Forecast: [-0.0831353351606056, -0.08368681578074134, -0.04155351656546441, -0.01650610495422745, 0.01838075133851437, 0.11216850409940818, 0.1204632742820852, 0.11754779821128324, 0.14912619416018286, 0.17853998292936443, 0.2392092371895256, 0.20689918291581397, 0.2273241883373952, 0.26224021045369844, 0.2842696966314279, 0.27029841383774333, 0.3290219690958569, 0.38080862242876123, 0.4225728968374884, 0.47362627698356874, 0.45423060977507834, 0.4855364505719369, 0.5199869100674214, 0.5677091864108477, 0.5271335762763114, 0.5335861873758102, 0.5537918022583408, 0.5800127152186435, 0.5703934226304336, 0.6276149884395722, 0.6549007036605266, 0.6017927995905811, 0.6731106427075751, 0.6795333474015022, 0.6564578500847145, 0.6944543368360785]
95% Confidence: [0.014951876292083851, 0.011190309523607578, 0.009186029173776998, 0.009271242637110747, 0.007302272319998208, 0.007621308496231964, 0.009374930672382221, 0.014515944816266689, 0.016421590783818513, 0.016436879542347134, 0.019619751595645548, 0.019789804954396324, 0.022229516723341506, 0.022043118129778324, 0.025842348408847995, 0.03248836807109817, 0.03691801321572484, 0.0352257767682622, 0.03592249797289059, 0.04069546382986725, 0.03866256490070415, 0.03435532944241756, 0.03565973161103228, 0.03633809162486259, 0.03348615880131288, 0.033192324696429416, 0.03463232808652071, 0.03279865489349289, 0.032494554880104956, 0.03253810110231327, 0.03440942469828829, 0.0345127234364676, 0.033040089871924014, 0.03333263680595056, 0.032754833410714355, 0.03212300291936767]
Variance: [0.00041348012594490086, 0.00023160469435585794, 0.00015606982481364647, 0.0001589787903985033, 9.862327150052946e-05, 0.00010742921350589995, 0.0001625546586855691, 0.00038972104259574257, 0.0004987625273053874, 0.0004996915726912639, 0.0007119513064402682, 0.0007243462243789052, 0.0009139519312762678, 0.0008986887326577394, 0.001235171349830345, 0.0019521763092633338, 0.0025208092675263003, 0.00229500892563792, 0.0023866915039084994, 0.003063058663979552, 0.0027646784997024916, 0.002182988687367747, 0.002351902991663673, 0.002442235646221147, 0.002073929466374337, 0.0020376922315331666, 0.0022183327999659103, 0.0019896435328548723, 0.0019529201681852295, 0.001958157492070339, 0.002189869054704128, 0.0022030366683863027, 0.00201904332790097, 0.0020549566400354033, 0.001984331003849686, 0.001908514575922872]
