Data: [0.0, 0.0, 0.0, 0.0, 0.0, 0.0, 0.0, 0.0, 0.0, 0.0, 0.0, 0.0, 0.0, 0.0, 0.0, 0.0, 0.0, 0.0, 0.0, 0.0, 0.0, 0.0, 0.0, 0.0, 0.0, 0.0, 0.0, 0.0, 0.0, 0.0, 0.0, 0.0, 0.0, 0.0, 0.0, 0.0, 0.0, 0.0, 0.0, 0.0, 0.0, 0.0, 0.13, 0.1431, 0.150597, 0.15282639, 0.150248049, 0.143420101, 0.132972345, 0.119580194, 0.103939852, 1.386745349, 1.499667936, 1.556308226, 1.56059524, 1.517635695, 1.433443035, 1.314666349, 1.168327341, 1.001572414, 0.821445807, 0.634688487, 0.447566244, 0.265729238, 0.094104055, -0.063181731, -0.202843486, -0.322453761, -0.420429396, -0.495994586, -0.549123419, -0.580465666, -0.591259718, -0.583236574, -0.558518647, -0.519516953, -0.46882992, -0.409146693, -0.343157387, -0.273472291, -0.202551535, -0.132646309, -0.065752217, -0.003574967, 0.052491806999999994, 0.10137715, 0.142332643, 0.174922608, 0.199005898, 0.21471068300000004, 0.22240366800000003, 0.222655245, 0.216202006, 0.203908032, 0.186726214, 0.165660791, 0.141732087, 0.11594429, 0.089256945, 0.062560626, 0.03665712, 0.012244251, -0.010094659, -0.029896838000000002, -0.046821894, 0.329350213, 0.358024602, 0.633090814, 0.661657681, 1.577518131, 1.654466992, 1.674086957, 1.641522316, 1.562968471, 1.445380955, 1.296190763, 1.123033867, 0.933501645, 0.734917595, 0.534144423, 1.507424235, 1.438153339, 1.332664932, 1.197745418, 1.040385493, 0.8675499950000001, 0.685971548, 0.501971799, 1.101312871, 1.007680449, 0.893180856, 0.763335797, 0.62357517, 0.47908335, 0.334668212, 0.194654541, 0.062802601, -0.057748222]
Forecast: [0.09984281680378333, 0.08619080071346027, 0.09790900908162639, 0.12585495384328807, 0.11833564166930755, 0.16091611935972963, 0.140656143689948, 0.16173181089585015, 0.21040161792401238, 0.267800098956984, 0.19130058854323045, 0.26927429829391314, 0.3460684440191678, 0.3470581452594096, 0.3234740491526526, 0.2849224492866307, 0.3398481989152133, 0.26811132325181825, 0.25887110986019646, 0.2994699898362502, 0.2469911027763927, 0.24515349244818851, 0.24060207412171286, 0.28051002917839934, 0.274172887870085, 0.29211076758789484, 0.2670284991923543, 0.24599663688078752, 0.32442563314998746, 0.29774331365674184, 0.31316303559625336, 0.2819221133747276, 0.31151426527381193, 0.3453721058526076, 0.34131920518467385, 0.36031897940252433]
95% Confidence: [0.01452259003267587, 0.017267411946028575, 0.017031803168363068, 0.015671400515223578, 0.019934217305151082, 0.01854861623578688, 0.013236898610019737, 0.028455214077070665, 0.027181523162376518, 0.034392348847418694, 0.02119080472857032, 0.0438160326528296, 0.058675140502577966, 0.04701425767380983, 0.05702320205850749, 0.03632085246043094, 0.05020037460789481, 0.039109544750948036, 0.037567458429780716, 0.05515692272414445, 0.04089012265336949, 0.031084427615032797, 0.032072551030919966, 0.03377237301410029, 0.0453045384287687, 0.03618876423975542, 0.029009872347629626, 0.03192370856072393, 0.038726008703576766, 0.03268575406878731, 0.04360742930564474, 0.039904718333998584, 0.03471948858791703, 0.05779053608456581, 0.047022165504962646, 0.06822935341368946]
Variance: [0.0003279427090715912, 0.00046362232673066906, 0.0004510566395902736, 0.00038187870815292095, 0.0006178858396945182, 0.0005349742491111806, 0.0002724471321530799, 0.0012590226635653835, 0.0011488342590510745, 0.0018392195297476479, 0.0006982400432178947, 0.0029852169791018492, 0.005353256736265283, 0.003436916948508651, 0.005056069933107691, 0.0020512655976865062, 0.003918534970058629, 0.0023783474560413963, 0.002194489407291666, 0.004730531403688603, 0.0025998403965026874, 0.0015024346167910078, 0.0015994727634940109, 0.0017735073160101782, 0.003191488474952335, 0.002036373711003525, 0.0013085836154988777, 0.0015846613661216103, 0.0023319287054504884, 0.0016612188810693333, 0.0029568603806060575, 0.002476043744153189, 0.0018743746490915932, 0.005193059621485619, 0.0034380730322625566, 0.007238562340446065]
