Data: [187.0, 69.0, 23.0, -20.26, -54.6962, -76.587894, -79.03278178, -85.94219733, -84.9524054, -77.71302051, -67.82618349, -51.05324466, -26.94600238, -6.261104256, 25.08313718, 55.41046036, 85.55273741, 116.3842046, 155.980999, 183.848684, 205.1741399, 218.83182600000004, 236.94878879999996, 250.72559159999997, 254.2529464, 251.3399773, 247.9281058, 238.0895783, 238.3622162, 225.76672379999997, 249.1277789, 259.2188952, 267.9943329, 266.342397, 259.9653826, 254.0371083, 252.8405481, 242.2084275, 254.2932662, 282.850823, 317.4570994, 367.7790352, 403.0054064, 421.73897819999996, 429.28702350000003, 447.0916536, 438.1730711000001, 440.7711547, 463.27629529999996, 485.6226329, 522.8856579, 553.2058105, 563.6677737, 593.6035072, 622.8775622, 616.1778849, 634.8928387, 623.409512, 608.3522326, 603.7601142, 619.9844041, 622.696733, 610.846927, 624.0766937, 647.091183, 676.8514879, 702.3602176, 698.9072679, 686.0623951, 667.5601377, 651.5413019, 654.8981106, 676.0322952, 649.9420924, 649.2926471, 683.159367, 698.4546339, 718.656735, 723.988924, 731.0182264, 734.7440517, 711.694973, 706.7699529, 720.0543363, 734.9586512, 728.4137751, 735.1709734, 753.1773226, 779.3177172, 806.8845409, 820.958146, 790.5856461, 798.3128269, 803.0679048, 799.8254378, 804.4424543, 806.9744955, 790.2340978, 783.7907169, 797.6779526, 801.0661261, 832.3234985, 807.5654287, 771.316203, 740.9624138, 696.5851311, 650.8480228, 649.7491846, 633.4977546, 607.1665351, 604.8834414, 635.1621539, 642.0481305, 675.5440655, 686.304085, 679.7189801, 670.5308162, 675.8255443, 681.1060332, 693.5352922, 696.3555666, 693.6631465, 684.490074, 654.1296066, 626.8212977, 607.6091808, 576.1600001, 541.1309375, 506.240853, 466.7125514, 438.2557034, 426.2868691, 405.0563122, 399.6771216, 406.6355364, 399.9390436, 414.6340288, 432.7604946]
Forecast: [418.6420185215828, 432.4053177210363, 456.52705882126793, 466.08989959576604, 497.61320672669126, 486.9027298073882, 496.85109258427593, 502.5252759613593, 531.5815101728617, 563.0755471993718, 559.7272953060146, 586.6581726645542, 599.9298333305267, 599.3368904695614, 615.8127345827529, 610.0059427495651, 600.6956186385805, 637.3850991987741, 627.0300308015558, 631.8661962061303, 639.6892517404016, 616.6910361565923, 625.2797777782246, 641.6877053271037, 660.8752509781433, 644.768507842661, 640.5922096564348, 673.5428560655421, 693.7018715210849, 697.035438751888, 720.5455835008831, 696.8876495297649, 702.4007481118722, 702.8763625034446, 677.5009679480096, 692.4673180492708]
95% Confidence: [12.290457931621912, 15.99625314228513, 15.899500564089223, 16.380195365204482, 16.478394395064548, 16.20486774982259, 15.496712610805984, 17.516231990876317, 14.940375984239555, 13.485174295223418, 14.177032435425842, 12.033149993866115, 14.28299238386123, 13.189575696773932, 13.632879799886872, 16.42406021342066, 16.458703738487408, 18.697308609846242, 18.614296547298174, 22.275715303047285, 18.572076592132024, 14.756915372683839, 14.44908782383041, 15.373395242400697, 18.8598863661863, 16.05235159187523, 9.815123339189169, 10.90631608746378, 16.401746409774113, 14.583896188735954, 11.472012791117407, 10.16094466181915, 12.397266682078872, 9.758531111619398, 15.269109643158549, 12.419832413266066]
Variance: [0.4724238261653315, 0.8002621249153371, 0.7906107808330665, 0.8391389531694691, 0.8492302014957964, 0.8212713799297567, 0.7510604824361335, 0.9595709760726576, 0.698101873611791, 0.5687335932609437, 0.6285884278249343, 0.45284997676136457, 0.6380197228899686, 0.5440731330208537, 0.581260738667329, 0.8436391542071272, 0.8472018941079466, 1.0933366516455365, 1.0836496501267432, 1.5518831461294151, 1.0787395823594903, 0.681062269923943, 0.6529449277977103, 0.7391546775506764, 1.1124331468075772, 0.8058848569370033, 0.3012917732873245, 0.37200764015713744, 0.8413483577009625, 0.6651856025218149, 0.4115995550458814, 0.3228968853829835, 0.48067062576087893, 0.2978273577987643, 0.729160421327499, 0.4824220550920345]
