Data: [0.0, 0.0, 0.0, 0.0, 0.0, 0.0, 0.0, 0.0, 0.0, 0.0, 0.0, 0.0, 0.0, 0.0, 0.0, 0.0, 0.0, 0.0, 0.0, 0.0, 0.0, 0.52, 0.5724, 0.602388, 0.61130556, 0.600992197, 0.573680405, 0.531889379, 0.478320775, 0.415759408, 0.346981396, 0.274671742, 1.111352902, 2.041025359, 2.376499809, 2.407131821, 2.622486676, 2.537631445, 3.555132795, 3.9842300250000005, 8.530890632, 9.026958459, 10.56261075, 10.42781949, 10.25367277, 9.589330538, 9.093742614, 8.334901205, 7.2018969, 5.966136118, 4.934967331, 8.338866403, 7.552209576, 8.047652144, 8.062120891, 7.133279137, 8.293323183, 8.55856313, 8.420522188, 7.703669675, 8.447392323, 9.023320936, 10.02095706, 13.92820086, 14.23687425, 16.76757408, 18.2821767, 18.46685376, 19.3890575, 20.92736914, 21.98402854, 20.27550115, 19.42956146, 18.3853289, 17.71395972, 22.97830867, 21.93687347, 23.67147558, 24.67247322, 23.63319689, 22.67885229, 20.74957658, 19.25074114, 17.81426702, 17.67701229, 16.28317267, 16.59022183, 18.15885942, 18.32586747, 23.07639869, 24.66958483, 23.70336481, 23.66266584, 25.5361568, 25.65621396, 24.68457898, 24.49957013, 24.35807506, 23.24998725, 20.7052086, 23.79375156, 21.63962767, 20.40172735, 17.17556523, 17.00675237, 15.27461823, 17.35745895, 18.09129183, 20.41900267, 18.98137235, 19.11806388, 20.17754435, 25.62575044, 30.00036341, 30.05750417, 30.40720574, 31.83972098, 31.02379306, 30.97874415, 30.3388378, 28.31275695, 27.29990148, 25.83933451, 23.4096442, 21.2706336, 18.76740505, 15.6614772, 12.60629783, 11.37844745, 10.14202869, 9.754990943, 8.444007244, 5.910801697, 5.273592654, 5.091896736, 4.835613507, 8.719890196, 9.574142511]
Forecast: [8.607223609574609, 8.965016847503977, 10.15369236774992, 9.47940855900522, 10.192394106461823, 10.233913122235354, 10.152556537287552, 9.884193105336754, 9.784196375357407, 11.179059759286641, 10.67392454416, 10.9038737533806, 12.250016937426933, 11.695354010534793, 13.331841840116518, 13.572952932151516, 13.15605855427383, 13.38222545754372, 14.464982177705355, 12.348144339076402, 12.801201205609766, 11.92929902767271, 12.195526491059773, 12.318607053669053, 11.706749322166019, 11.258265193308638, 11.519769044296646, 11.437603998568612, 11.571163237699137, 11.218268209332631, 11.519831671540185, 11.523074054739777, 12.49720666767574, 13.216970190899007, 12.682306230443682, 12.302304043498673]
95% Confidence: [0.36855765124925977, 0.4241498863763334, 0.42903934828917323, 0.3683391972231459, 0.3877091334908372, 0.36306715164736025, 0.4177596539034759, 0.4367748507230336, 0.45326541644047247, 0.6024124045001834, 0.5400114730456957, 0.6387547685627333, 0.7286998852601574, 0.6416385870706234, 0.689226099714551, 0.5861831118143842, 0.633996224869697, 0.689275679615686, 0.789838545643162, 0.6852607751335746, 0.6935183788349506, 0.5908175278362773, 0.6538314471593446, 0.7190543408575073, 0.7412205894798294, 0.5631754282192093, 0.5723542336004078, 0.5812132604805054, 0.7088825734132642, 0.6231022277172917, 0.6217334428869108, 0.6215001326822869, 0.7451852616936855, 0.7330693809251477, 0.8164548276167682, 0.7367102418229778]
Variance: [0.011105277920170409, 0.014708122680065614, 0.015049180025174034, 0.011092116598851965, 0.012289398375958717, 0.010776867601278573, 0.014268278975796961, 0.015596741216876325, 0.01679669269522355, 0.029669239630617683, 0.02384100289865476, 0.03335699126852775, 0.0434126188322187, 0.033658870446768435, 0.038836678626736225, 0.02809216435732502, 0.03286184462429678, 0.03884226081357157, 0.05100293622215251, 0.038391078523958094, 0.039321902618803715, 0.02853811844339849, 0.03495024969435899, 0.04227095413208242, 0.044917292475063375, 0.025930208601091752, 0.02678233720543202, 0.027617837861469943, 0.04108347546827763, 0.03174221214099268, 0.03160290952104203, 0.03157919449357025, 0.045399087833118454, 0.043934809058887, 0.05449829701239006, 0.04437231017213312]
