Data: [0.0, 0.0, 0.0, 0.0, 0.0, 0.0, 0.0, 0.0, 0.0, 0.0, 0.0, 0.0, 0.0, 0.0, 0.0, 0.0, 0.0, 0.0, 0.0, 0.0, 0.0, 0.0, 0.0, 0.0, 0.0, 0.0, 0.0, 0.0, 0.0, 0.0, 0.0, 0.0, 0.0, 0.0, 0.0, 0.0, 0.0, 0.0, 0.0, 0.0, 0.0, 0.0, 0.0, 0.0, 0.0, 0.0, 0.0, 0.0, 0.0, 0.0, 0.0, 0.65, 0.7155, 0.882985, 0.90723195, 0.901837247, 0.869926896, 0.8151097739999998, 0.74132107, 0.652671605, 0.553306938, 0.44727953, 0.338436477, 0.230324635, 0.126114237, 0.288541453, 0.22606970299999998, 0.163063038, 0.10146514700000002, 0.042983091, 0.24905974899999997, 0.617056948, 1.019742718, 1.83156763, 2.297263022, 2.997470984, 3.03773402, 3.3728387330000005, 3.273247811, 3.085418548, 2.823809655, 3.153647361, 3.505891876, 3.3477351830000006, 3.004962104, 2.606317469, 2.169347774, 1.710994616, 2.417146934, 2.470169613, 2.533784936, 3.125025178, 2.86339064, 2.542017838, 2.56652178, 3.251579675, 3.62058439, 3.344071101, 3.7748870090000004, 3.9693747159999995, 4.79533241, 5.404834363, 5.091241089, 4.91626991, 6.101307752, 6.204802577, 7.141803842, 8.490850866, 9.090267661, 11.157034749999998, 12.50241408, 13.88818306, 18.28872965, 19.75055969, 21.18368994, 21.82799646, 21.62303244, 20.27987384, 21.54263489, 22.29284079, 20.87924088, 20.20062373, 18.62384958, 17.53603736, 17.33092524, 17.09639658, 16.16242888, 14.186985089999999, 13.17347613, 11.346113769999999, 10.45110424, 10.24206254, 9.086663128, 8.144203765, 8.881664225, 8.608928712, 7.915198889, 10.12338608]
Forecast: [9.245019161984917, 9.64275528740944, 10.153771256727579, 10.063917396210924, 11.150531568713461, 10.985126586481606, 11.239813399403468, 11.276218679752986, 12.206664723310393, 13.22557541209117, 13.224439324979013, 13.828962571790264, 14.71096214036616, 14.97347931744233, 15.752154752870604, 15.778432248461232, 15.433253107353254, 16.54046234675036, 16.52036224178477, 15.983032900440882, 15.860311574704669, 15.269796082672768, 15.450973408789169, 15.827173707464848, 15.65803358970987, 15.183664734489101, 14.928857004693313, 15.24472509830768, 15.432692371959886, 15.301045786419756, 16.280067194373736, 15.94284996434884, 16.3358072157396, 16.546700860190793, 16.493953199265366, 16.434104661699752]
95% Confidence: [0.29630266795066673, 0.2901098305271697, 0.43791291601610427, 0.35903533455840414, 0.45726152593213776, 0.49986358845207013, 0.4578275763529311, 0.46374606700924936, 0.3519300148874795, 0.33250296679327124, 0.4310229380032074, 0.3429026069002329, 0.41020596871363424, 0.2853923907361856, 0.3226493627069545, 0.36665521532193956, 0.34774874924984733, 0.34591587449933187, 0.3133958791977002, 0.42759956205750005, 0.41595151336037184, 0.24488843529238616, 0.2979854554618954, 0.32031789270793, 0.4683931864959777, 0.2902481250493566, 0.31813183853736926, 0.2953575273511299, 0.39269370077303817, 0.30136359138901014, 0.3819325142302016, 0.3891921357910666, 0.3544431093393025, 0.24438861509615017, 0.21116018477183993, 0.3165575108045379]
Variance: [0.010251644621632305, 0.00982759730417375, 0.022392259852079672, 0.015052090192484774, 0.024414718620390418, 0.02917597624489432, 0.0244752004144072, 0.02511209278033141, 0.014462222064564725, 0.01290962288013095, 0.021693180627188283, 0.013729794156853528, 0.019648362670018852, 0.009510584336004426, 0.012155814184605668, 0.015697779084511535, 0.014120612171991087, 0.01397215603365001, 0.01146856401000943, 0.021349952609810117, 0.020202626861782876, 0.007002594049312573, 0.01036841886248751, 0.011980772528225204, 0.02561790276333378, 0.009836969322137411, 0.011817802575979863, 0.010186348679239593, 0.018006543431707975, 0.010604836369011711, 0.017033178427501315, 0.01768685024157895, 0.014669506836536885, 0.006974039401849878, 0.005206507307835383, 0.011701125007376415]
