Data: [0.0, 0.0, 0.0, 0.0, 0.0, 0.0, 0.0, 0.0, 0.0, 0.0, 0.0, 0.0, 0.0, 0.0, 0.0, 0.0, 0.0, 0.0, 0.0, 0.0, 0.0, 0.0, 0.0, 0.0, 0.0, 0.0, 0.0, 0.0, 0.0, 0.0, 0.0, 0.0, 0.0, 0.0, 0.0, 0.0, 0.0, 0.0, 0.0, 0.0, 0.0, 0.0, 0.0, 0.0, 0.0, 0.0, 0.0, 0.0, 0.0, 0.0, 0.0, 0.0, 0.0, 0.0, 0.0, 0.0, 0.0, 0.0, 0.0, 0.0, 0.0, 0.39, 0.4293, 0.451791, 0.45847917, 0.450744148, 0.43026030400000004, 0.398917035, 0.358740581, 0.311819556, 0.260236047, 0.596003807, 0.580314677, 0.548785019, 0.503944777, 0.448470216, 0.385089004, 0.316493244, 0.245262262, 0.17379651, 0.104263438, 0.038555771, -0.021737803, -0.075349886, -0.121340263, -0.159091395, -0.188294672, -0.208928782, -0.22123161600000002, -0.225667219, -0.222889245, -0.083702391, -0.055923151, -0.02924414, -0.004355706, 0.018174556, 0.037906555, 0.05452815700000001, 0.067851754, 0.07780744, 0.084433333, 0.217863637, 0.231415001, 0.236668779, 0.234297116, 0.225133706, 0.21013262500000002, 0.320327674, 0.309893388, 0.291205729, 0.265650663, 0.23468158500000003, 0.199768966, 0.162354541, 0.773810922, 0.800907337, 0.80126689, 0.777552482, 0.73288294, 0.670693864, 0.594602879, 0.508282907, 0.415346444, 0.319243235, 0.353173049, 0.273114691, 0.192868728, 0.11486129900000001, 0.041208774, -0.026314762, -0.086296501, -0.137691171, -0.179815639, -0.21233319200000003, -0.235228993, -0.248778344, 0.13649059, 0.179137913]
Forecast: [0.005521034331647255, 0.05595896250469744, 0.1404413361134073, 0.20434736257649122, 0.2943347275204319, 0.35194004614476676, 0.3711282235592085, 0.401285740540787, 0.48618235381657954, 0.4553183345700383, 0.48007772148981626, 0.4167196127739632, 0.5660351149864625, 0.5003502244246876, 0.5230266881184923, 0.5315110195161878, 0.6321650737972193, 0.5761564894542676, 0.6280243486993843, 0.6746587994612753, 0.6903140834770762, 0.5886060307856166, 0.6607736157257634, 0.6708702031540554, 0.6372318503327363, 0.6275848205208909, 0.6697882655950432, 0.5914307981055307, 0.6731346114477539, 0.755943621093195, 0.7021016341442835, 0.7442365447257554, 0.7281357626279175, 0.8306862881074488, 0.9046101231516634, 0.9048424240383517]
95% Confidence: [0.016516853032832648, 0.014291161056090294, 0.012485429406501315, 0.015813504369416757, 0.022629822329894547, 0.02729356321480423, 0.027974469518323875, 0.03665408840073738, 0.03477321656019699, 0.04147160653855055, 0.03513767618658147, 0.039743173200043995, 0.04992124085685074, 0.04784643371474501, 0.04512610687237426, 0.043490636871848516, 0.05726299838524185, 0.049367409920159984, 0.046461887715011724, 0.054695229442975814, 0.05983150162564374, 0.04659975368249565, 0.051609989261551276, 0.04844951038576684, 0.054792652298903684, 0.06085431922986373, 0.052210119785174355, 0.04655041541465964, 0.04845961444751438, 0.05247225824977345, 0.06624216314785861, 0.05586252468285426, 0.0684299298198644, 0.06112987803762883, 0.06851441589481332, 0.08612350606274671]
Variance: [0.000886268373586391, 0.0006635071129215892, 0.0005064279903199099, 0.0008123944551444182, 0.001663691973290136, 0.002420088080237466, 0.002542344428990276, 0.004364711028243987, 0.003928261454384243, 0.005587433091334966, 0.004011037898205854, 0.005131398129543554, 0.008096202596236597, 0.0074372050924839915, 0.006615556074210349, 0.0061447209752964315, 0.010652678719711983, 0.007917559202598165, 0.007013008372528497, 0.009718731338355727, 0.011629751191791259, 0.007054689492831909, 0.008653229670037003, 0.00762587120793417, 0.00975338289723656, 0.012030771253714644, 0.008855642234634245, 0.00703975951030733, 0.007629052420284962, 0.00894478931177481, 0.014255408796243612, 0.010137987963128899, 0.01521257686367061, 0.012139972729334021, 0.015250167853808718, 0.024096503755056446]
