Data: [0.0, 0.0, 0.0, 0.0, 0.0, 0.0, 0.0, 0.0, 0.0, 0.0, 0.0, 0.0, 0.0, 0.0, 0.0, 0.0, 0.0, 0.0, 0.0, 0.0, 0.0, 0.0, 0.0, 0.0, 0.0, 0.0, 0.0, 0.0, 0.0, 0.0, 0.0, 0.0, 0.0, 0.0, 0.0, 0.0, 0.0, 0.13, 0.1431, 0.150597, 0.15282639, 0.150248049, 0.143420101, 0.132972345, 0.119580194, 0.103939852, 0.08674534899999999, 0.588667936, 0.622738226, 1.28471934, 1.341960762, 1.35321922, 1.322755255, 1.255655029, 1.157595175, 1.03461345, 0.892891495, 0.998554991, 0.993695487, 0.859511069, 0.712959761, 0.55967479, 0.404928073, 1.293508186, 1.774425042, 1.75401746, 3.893030114, 4.261350598, 4.264998516, 4.140331687, 4.29392159, 4.003334855, 3.621706748, 3.169590249, 2.6675976929999994, 2.135776461, 1.593064059, 2.096830975, 1.687316271, 1.918133548, 1.698325092, 1.349547728, 2.295161669, 2.597359366, 2.521416512, 2.277425448, 1.989510727, 1.670702156, 1.593653378, 1.276499876, 1.732766728, 1.491423893, 1.229472625, 0.956832305, 1.982751048, 2.366595385, 2.371057426, 2.5939415409999995, 3.196718998, 3.04331714, 2.943955953, 2.9262122060000006, 2.622456468, 2.270402609, 2.405442058, 2.054814301, 1.67760489, 1.287788273, 0.89831967, 0.520848337, 0.295498688, 0.763819043, 0.56239279, 0.62423738, 0.461170389, 0.300574985, 0.277021873, 0.147513415, 0.026530401, -0.083150224, -0.17936828, -0.260583481, -0.325859659, 0.015167572, 0.021637052, 0.026810473, 0.030662237, 0.683208958, 0.750004738, 0.787620798, 0.797846628, 1.693114476, 2.008062105, 2.031273108, 2.381224817, 2.454744611, 2.347270087, 2.1801249140000003]
Forecast: [2.3207506636588335, 2.3799997226351155, 2.5204214614911353, 2.471605957613503, 2.6408091672691745, 2.5514684925550575, 2.6333158241357237, 2.621935811529475, 2.7173194305951154, 2.9148045207165194, 2.9554929797871434, 3.0152216659590017, 2.9527810642245353, 3.0406800420375415, 3.0174718699630083, 3.0457499113636746, 2.9210591255220137, 3.1132759946222093, 3.0132430118239957, 2.9877577622899945, 3.0906682523239954, 3.027271211512758, 2.994691369736825, 3.105887074058553, 3.1391274909635047, 3.110815665790258, 3.2215319988540805, 3.4204592977519375, 3.5418164954279723, 3.573192918274555, 3.6748431712162306, 3.5986686981147273, 3.664444423640846, 3.6497853375929084, 3.617291490874454, 3.6509575321263874]
95% Confidence: [0.04163276510217631, 0.04610795525153693, 0.052238382298251465, 0.04238075894196918, 0.028148930843179053, 0.04735337995114971, 0.03932062818079823, 0.06677633384627933, 0.08475346384535203, 0.07250356708346543, 0.07822880480662245, 0.10318752656682466, 0.10201782742563832, 0.07093191782987102, 0.09854398541626859, 0.08595611496168802, 0.0998830113210213, 0.09987177405765109, 0.09725559518012572, 0.07588004880315148, 0.06625017798190845, 0.07315640009793534, 0.057933643321684956, 0.054414992224748236, 0.05530263205631613, 0.04341744647569763, 0.06552602233675965, 0.06286101135140024, 0.08769243611245632, 0.07646151519765525, 0.08992557227302354, 0.10288469631558882, 0.09831761654426353, 0.09453769707445633, 0.08964492062059597, 0.11496788167698523]
Variance: [0.0010507617312152926, 0.0012887996364409255, 0.0016542958765223186, 0.0010888578286081482, 0.000480349800849143, 0.0013593639517936506, 0.0009372914273306502, 0.0027032044340441408, 0.004354603016149477, 0.003186782417478509, 0.0037099425114144433, 0.006454879532251015, 0.006309367469050307, 0.0030501219486340305, 0.005886998829200788, 0.004479064205905062, 0.006048073602388365, 0.006046711933997776, 0.005734069572321824, 0.0034905107000152563, 0.002660773017438918, 0.0032444293786163918, 0.002034676616756171, 0.0017950264791602184, 0.0018540666010193104, 0.0011427790720763677, 0.0026029228557868005, 0.0023955016194319237, 0.0046618466925763945, 0.0035442108723213106, 0.004902303133811855, 0.006417048745246671, 0.005859984408068537, 0.005418059530782655, 0.004871751574084959, 0.008012846617886987]
