Data: [0.0, 0.0, 0.0, 0.0, 0.0, 0.0, 0.0, 0.0, 0.0, 0.0, 0.0, 0.0, 0.0, 0.0, 0.0, 0.0, 0.0, 0.0, 0.0, 0.0, 0.0, 0.0, 0.13, 0.1431, 0.150597, 0.15282639, 0.150248049, 0.143420101, 0.132972345, 0.11958019399999999, 0.103939852, 0.086745349, 0.068667936, 0.050338226, 0.03233134, 0.405155202, 0.428542023, 0.4367339, 0.431004573, 0.412918041, 0.384252622, 0.34692616500000006, 1.602924569, 3.8952353960000003, 4.401458078, 5.5650147500000005, 5.645265312, 6.848132857999999, 6.725269664, 6.4129347, 5.939445190999999, 5.335121277, 4.631176116, 5.418690188, 6.064892147, 5.464527146, 5.15026283, 5.322917061, 7.478618357, 9.334390973, 11.0045546, 10.57756522, 10.65594783, 9.806813738, 10.43838865, 9.523654402, 9.874683951, 10.38437003, 10.27155639, 9.061877433, 8.091310045, 9.145060094, 8.959083336, 8.112931753, 8.498007376, 7.809635216, 7.5958112149999995, 6.375495277, 6.125946075, 5.047573411, 3.8256108120000003, 3.911076147, 5.340662665, 5.867070651, 6.334825719, 5.795760507999999, 5.036729004, 4.982498779, 4.184216614, 3.8602361670000005, 3.0528466799999996, 5.22461074, 5.112460073, 6.378150670000001, 7.485927687, 7.318349172, 7.397978034, 6.747704667999999, 6.350027499, 5.501617221, 5.222999455, 5.225553482, 4.371085501, 4.770931754, 5.027665429, 4.437895773, 5.23396621, 5.243410617, 4.854608264, 6.369047899, 6.620972134, 7.349074781, 7.69389492, 8.763416197, 8.813082861, 8.223390372, 7.345965421, 7.3759040030000005, 7.941571607000001, 7.662425301, 6.681320867999999, 9.497887251, 9.657860379, 8.812100383, 8.566553375, 9.828564466, 10.81951751, 10.40678973, 9.323131036, 8.458144279, 7.255911869, 5.986225344, 4.693920711, 3.29002892, 2.057825441, 2.607107546, 3.313248215, 2.54937737]
Forecast: [2.9496611582676353, 2.9979744468473495, 3.318597597041786, 3.574923281600708, 3.837456945302993, 3.9691074918563247, 4.050597343917609, 4.068172461161715, 4.214025371115297, 5.025906319954765, 4.734432368675334, 5.419066307120693, 5.876151195903599, 5.967110602076852, 6.464879744052875, 6.219031438631416, 6.2822144918241625, 6.230392017506481, 6.59379214184674, 5.990895666232026, 5.898493886332083, 5.584579184200275, 5.499523409098906, 5.793293089365792, 5.662685787656617, 5.416232393666322, 5.277022011557299, 5.235635265294022, 5.577605415458954, 5.498506401157463, 5.673925676779199, 5.60292927395829, 6.006989382356656, 6.333939889601803, 6.092202250913024, 6.069276445321727]
95% Confidence: [0.19041323507347369, 0.1386021676591983, 0.2283237967029784, 0.21878791242133566, 0.23353530648030454, 0.2304987949427899, 0.23905702663706058, 0.3574094195474953, 0.35758783048594894, 0.41705155674805494, 0.28561289368171733, 0.46408345959632474, 0.4785900480825737, 0.44256063138248625, 0.4313959683794044, 0.3771629786248945, 0.45152077963020354, 0.3719526577072226, 0.4282707433145888, 0.44435757225225647, 0.47405364660820143, 0.44508884392508197, 0.3422294855501935, 0.4575707224298768, 0.5198222015956424, 0.4865289658873178, 0.46846633419466094, 0.3925660492807448, 0.5148160365772121, 0.4737765193232872, 0.5583016120721102, 0.45642015225555677, 0.5310021967887476, 0.6186072559452049, 0.6174251194973074, 0.7002423538601056]
Variance: [0.008576490554423409, 0.00454417838442718, 0.01233155181347453, 0.011323013215969341, 0.012900911818844943, 0.012567607071972593, 0.013518187480235892, 0.03021672058076407, 0.030246898143279972, 0.04114290192428632, 0.01929616582301911, 0.05094571594467135, 0.05418045445634164, 0.04632985047608372, 0.04402176657213559, 0.033649099323355504, 0.04822484664535159, 0.03272583450296638, 0.0433862544698203, 0.04670684197195228, 0.05315820938314628, 0.04686070193366734, 0.027704496150759563, 0.04952584343669564, 0.06391826552537429, 0.05599286587480186, 0.0519125304364888, 0.03645363974523591, 0.06269306878577675, 0.05309607609302821, 0.07373151793849915, 0.049277084802840654, 0.06669725571347913, 0.09052017377497014, 0.09017453332808652, 0.11598774080940503]
