Data: [0.0, 0.0, 0.0, 0.0, 0.0, 0.0, 0.0, 0.0, 0.0, 0.0, 0.0, 0.0, 0.0, 0.0, 0.0, 0.0, 0.0, 0.0, 0.0, 0.0, 0.0, 0.0, 0.0, 0.0, 0.0, 0.0, 0.0, 0.0, 0.0, 0.0, 0.0, 0.0, 0.0, 0.0, 0.0, 0.0, 0.0, 0.0, 0.0, 0.0, 0.0, 0.0, 0.0, 0.0, 0.0, 0.0, 0.0, 0.0, 0.0, 0.0, 0.0, 0.0, 0.0, 0.0, 0.0, 0.0, 0.0, 0.0, 0.0, 0.0, 0.0, 0.0, 0.0, 0.0, 0.0, 0.0, 0.0, 0.0, 0.26, 0.2862, 0.4311940000000001, 0.44875278, 0.451093099, 0.439666592, 0.416192739, 0.3825804890000001, 0.47085204899999994, 1.086170892, 1.107372723, 1.09323319, 1.047710614, 0.975308978, 0.880888236, 0.8994829210000002, 0.78923365, 0.666332296, 0.535731109, 0.402118108, 0.399802863, 0.285725057, 0.17448328, 0.069131182, -0.027759642, -0.114128594, -0.188436793, -0.119661068, -0.154173084, -0.180608705, -0.198982503, -0.209549447, -0.212773212, -0.209291405, 0.190120964, 0.243888467, 0.414962565, 0.456480377, 0.4801519960000001, 0.487051894, 0.608650245, 0.599829253, 0.5738954830000002, 0.663338226, 0.883936548, 0.85595694, 0.805096586, 0.735169369, 0.910179793, 0.840383781, 0.752355856, 0.650560049, 0.53942702, 0.423224484, 0.305945467, 0.191215988, 0.08222297700000002, -0.018337423, -0.108291659, -0.18600172299999998, -0.250360728, -0.300773011, -0.337120875, -0.359720326, -0.369268223, -0.366783283, -0.353543339, -0.331021089, -0.300820431, -0.264615227]
Forecast: [-0.16507226717435042, -0.16118212354969824, -0.055993110221577616, -0.006124676878177348, 0.06190313357423928, 0.13052293220187192, 0.1773276634417064, 0.1483747311655581, 0.24448748250390884, 0.29268308653716907, 0.3468183417189682, 0.372796613586989, 0.3424636250143226, 0.37295895179686955, 0.34982659844701, 0.4180154120639937, 0.44018340582228627, 0.4463285621614993, 0.5033391408919544, 0.5085770645843662, 0.40981998914847934, 0.433980000460825, 0.4424674935445529, 0.45649907246199395, 0.3839377869143195, 0.3609169482648434, 0.4184393593386684, 0.34312812589985703, 0.42894203757623306, 0.47907454535779304, 0.37433983315036007, 0.477621455018082, 0.49810174523600487, 0.5906456796381566, 0.5846498916132187, 0.5897248500524511]
95% Confidence: [0.03871356664863175, 0.032858681853432554, 0.03535624894201107, 0.02597785727689222, 0.027325657971076195, 0.023914682684258427, 0.029845472720914253, 0.029832397630544863, 0.029530286518977763, 0.0339052913745736, 0.027561376748077918, 0.029343062528168613, 0.030799316961368603, 0.02467274503045788, 0.0322622832330387, 0.029855532228049687, 0.03269021759553232, 0.03182684704002395, 0.02749680985206387, 0.03199393345278035, 0.02912788560713609, 0.023996245753902978, 0.029069962482391933, 0.0207255033380339, 0.019589533958859554, 0.026652892077321196, 0.015298480712843236, 0.020988702700142324, 0.02690033697654251, 0.03715127176805988, 0.03258474437482893, 0.024843865971809095, 0.03608578494339136, 0.028853484033985518, 0.03721211146920131, 0.030808897935460072]
Variance: [0.0035230628861364, 0.002538015764478509, 0.0029385046067867487, 0.001586356120188772, 0.0017552350981327664, 0.001344383798082056, 0.002093875864981175, 0.002092041918029813, 0.0020498844717909844, 0.002702271200498519, 0.0017856478583701263, 0.0020239740732347945, 0.0022298528600191853, 0.0014309648900154971, 0.0024467198586935164, 0.002095287614809965, 0.0025120579251464085, 0.002381120094482206, 0.0017772914493068448, 0.0024061866144538596, 0.0019943986169092226, 0.0013535696472328576, 0.001986474460350364, 0.0010097274762919369, 0.000902074171454254, 0.0016698703206577887, 0.0005501620409176413, 0.001035536031878102, 0.0017010202177338866, 0.0032444519754449962, 0.0024958739169730643, 0.0014508829255645058, 0.003061021184066249, 0.0019569987843523866, 0.0032550869598186477, 0.0022312402448842602]
