Data: [76.0, 22.0, 1.37, -12.8981, -27.522447, -35.72868589, -37.18244031, -39.03534609, -37.1419009, -31.7835432, -24.35751498, -17.85336413, -6.794027444, 3.223196399, 15.78200197, 28.39146692, 40.47824137, 52.81199113, 68.16800618, 77.42337954, 83.16051418, 89.65911993, 96.33809151, 102.1990232, 104.407891, 100.7736353, 102.9595961, 98.43817295, 96.77574693, 96.7462911, 107.9273921, 106.0225613, 108.1375367, 110.9168884, 106.6207984, 105.1556933, 107.672428, 102.5973164, 105.4217965, 108.8011746, 115.9885797, 130.9675869, 138.5896658, 135.3618468, 136.9659543, 134.8806724, 135.3474986, 138.9072171, 137.5037473, 141.5855121, 146.951535, 148.3824096, 151.1487244, 161.563946, 172.9707271, 169.3177083, 173.2804601, 166.2485229, 164.6523237, 158.1761748, 157.0123555, 152.0645474, 149.1995838, 147.535129, 139.5710658, 146.2262769, 150.1791787, 143.9914149, 143.922685, 135.9731476, 129.1593695, 127.6021881, 126.0726592, 123.1639034, 125.15110610000002, 127.59505530000001, 130.416758, 139.0237877, 147.8294007, 152.6295705, 160.0708361, 166.3258501, 168.6155872, 175.297883, 180.8530127, 187.647039, 187.9722516, 194.0857753, 196.4453734, 209.6556505, 219.0752304, 211.1005954, 215.660406, 211.9344234, 213.8530063, 215.8841407, 215.5756375, 206.3207155, 210.0916642, 215.9027682, 218.7656786, 229.5193277, 222.752032, 213.118905, 211.0355235, 205.2394144, 198.5257338, 207.9376493, 204.1302437, 207.9696714, 219.7560662, 228.1911395, 230.6169713, 241.9817108, 242.340525, 240.053242, 241.2330901, 245.6679606, 240.1193053, 234.0019364, 230.6962462, 230.8602377, 229.9120229, 221.5512689, 215.4300523, 216.4580557, 210.3295171, 198.2939469, 192.4331153, 181.2253733, 169.6216444, 163.219639, 152.401245, 149.6426531, 144.2306407, 135.4729104, 130.2267658, 143.2584327]
Forecast: [135.45405200003603, 141.0339976085303, 147.90057543860655, 152.54748681892667, 160.74402536414516, 155.03391855955172, 160.13408786135372, 155.38327009701746, 168.06982079697363, 172.56819407703168, 173.70930464636555, 176.6499168144185, 181.5192546283921, 177.76890188399923, 170.97758882475767, 169.28723578670042, 172.43339106529936, 178.2172104878659, 178.6239477523552, 178.64974863294094, 179.4564288324123, 180.79510210371146, 184.29139963915847, 192.92858852459642, 201.01312313360583, 195.95358802228367, 199.12473881913454, 218.35935386761128, 223.2867802702816, 230.95896936436793, 225.6666552526646, 219.08936357290162, 219.51491703009958, 216.8792443275393, 198.64143356112487, 204.28186920236587]
95% Confidence: [4.926250848218267, 4.091514753626434, 5.4346371942277925, 4.513254179544576, 5.735725105877344, 8.07373634744475, 6.935152144841045, 8.779830452158098, 9.417610612088433, 9.907592140808672, 7.821868429382817, 9.020423297546355, 8.377560203068162, 6.356432499514864, 6.488066685018883, 6.8775385368843835, 5.667759846377502, 6.786873499376296, 5.814422276067761, 5.541664814879768, 5.374293590996327, 2.783885912335407, 5.608204216974935, 5.564631826753331, 7.266233397134627, 3.9344155602372606, 3.6267021706152183, 3.743087094883429, 3.168444138780048, 4.1056191190899405, 5.172433640350908, 6.224478457038486, 7.334437977373444, 5.710142954379995, 7.794744192053069, 8.640224552325826]
Variance: [0.25714163997232814, 0.17738118272479234, 0.3129539360953889, 0.2158335305282209, 0.34859087617337464, 0.6906982995642372, 0.5096256773793545, 0.8167921298823541, 0.9397683843025093, 1.0401010873603114, 0.6482765822169043, 0.862170407859911, 0.7436599676595073, 0.42812069263464597, 0.4460360578294283, 0.5011935108644989, 0.3403786113270152, 0.48806627642009015, 0.3582221631403963, 0.3254017032696545, 0.30604272037157154, 0.08211871603032335, 0.3332628804736081, 0.3281045290054973, 0.5594458031833479, 0.16402110533148756, 0.13936802336879006, 0.14845649154688517, 0.10637301350998105, 0.17860627153630232, 0.28348442416252645, 0.41053030372535226, 0.5699975369313398, 0.34548831502062843, 0.6437883459776311, 0.7910235667482183]
