Data: [0.0, 0.0, 0.0, 0.0, 0.0, 0.0, 0.0, 0.0, 0.0, 0.0, 0.0, 0.0, 0.0, 0.0, 0.0, 0.0, 0.0, 0.0, 0.0, 0.0, 0.0, 0.0, 0.0, 0.0, 0.13, 0.1431, 0.150597, 0.15282639, 0.150248049, 0.143420101, 0.652972345, 0.691980194, 0.706327852, 0.698050909, 0.799660133, 1.54711863, 1.573417719, 1.679884368, 1.6253078199999997, 1.787429693, 2.589716487, 2.534083108, 2.537990573, 2.495367575, 2.412145849, 2.55488192, 2.306697927, 2.014131395, 2.210397574, 1.920725208, 1.6023983230000003, 2.8278321759999994, 2.645887679, 3.052761001, 2.8273641610000007, 2.79968608, 2.880785225, 2.9573508990000006, 2.897539478, 3.206783015, 3.278898708, 2.94543587, 2.68695624, 3.053715886, 3.0821880899999994, 2.715347432, 2.563730416, 2.28036319, 2.11692179, 2.226316877, 2.767982948, 2.862442924, 3.471583615, 3.475662728, 3.175064048, 4.759273315, 4.672283456, 4.743824078, 4.495895916, 4.037883693, 3.764536182, 3.855587336, 3.581865754, 3.548060358, 4.181193691, 3.98557788, 4.139956314, 4.954698215, 4.539324979, 5.199309317, 4.997315943, 4.985602427, 4.68549219, 4.074828211, 4.182985784, 4.464838026, 4.794559903, 4.507472795, 4.043870214, 3.795311785, 3.417749845, 3.685411604, 3.505744838, 3.458872405, 3.822921042, 3.5958771839999994, 3.6036613969999998, 3.102557346, 3.728486981, 3.409969042, 2.921003826, 3.043305017, 3.4720769379999994, 4.093809359, 4.120554257, 3.721008037, 3.249786199, 3.378192958, 3.672413253, 3.48703912, 3.015591227, 3.280820387, 3.991102019, 4.520622427, 4.551572122, 4.662879684, 4.223170099, 3.960736369, 3.795723921, 3.623341001, 3.5794961419999995, 3.032650885, 2.839510627, 2.800499077, 2.8013737090000004, 2.968119666, 2.789147438, 2.344398009]
Forecast: [2.4599875812575327, 2.602910189356555, 2.680898205219914, 2.8550165774896525, 3.0156541699154946, 2.962801765352797, 3.032599665130765, 2.988821219966442, 3.2502965951395555, 3.394927078588456, 3.381104165849211, 3.5849078351411796, 3.744041158478234, 3.751455587392377, 3.691717448407805, 3.615743801946407, 3.6526994229947944, 3.7807098093625875, 3.729797087582486, 3.750691366631571, 3.757713148463824, 3.675279264378844, 3.701243246358189, 3.852125712624808, 4.044646124138928, 3.9672658280289914, 3.923507526558688, 4.314390640658586, 4.416171458188961, 4.54870549842759, 4.557569033699205, 4.515748245690604, 4.513785630087123, 4.450463153178999, 4.053862638910364, 4.222376725600861]
95% Confidence: [0.07201848056298733, 0.07571751648659757, 0.09300878111505528, 0.08993706146642946, 0.07774981668157707, 0.05599730489587123, 0.07999259911012502, 0.08968819000060442, 0.08600784025853786, 0.09049983560257076, 0.1352469309685939, 0.11530301784509875, 0.10696421611822565, 0.12196152558775099, 0.12711366271199884, 0.12002477719904289, 0.1222099128301621, 0.13390909915164306, 0.10225254798022788, 0.12230534358058001, 0.10204098108621225, 0.09317608030456916, 0.09676509582629966, 0.11256901497428641, 0.16000822788581667, 0.12496851425040223, 0.09068204887323376, 0.11758805845098062, 0.13951670650350462, 0.14057219733225937, 0.12471283460337729, 0.07666275932846804, 0.11113766024716855, 0.10410673627686039, 0.15306003832801313, 0.17885159803412476]
Variance: [0.0025967500467726397, 0.0028703508023472414, 0.004331019204386086, 0.004049669058350754, 0.0030265016556742085, 0.0015699160136139036, 0.0032036260408964193, 0.0040272885547984, 0.0037035503990262677, 0.004100509187777755, 0.009157924948909086, 0.00665615623269832, 0.005728212877569881, 0.007447112784025093, 0.008089591909937568, 0.007212470223218475, 0.007477476013195765, 0.008977644334946933, 0.005234683900179554, 0.007489157903056901, 0.00521304516636942, 0.004346614224711068, 0.004687913953148018, 0.006344245536451135, 0.012818193945999848, 0.007818859572811252, 0.004117037851372726, 0.0069225898764674445, 0.009745287344730631, 0.009893297494550483, 0.007786898406374601, 0.002942463168987956, 0.006183931874962512, 0.005426249946082685, 0.011729131907957123, 0.01601503329311036]
