Data: [0.0, 0.0, 0.0, 0.0, 0.0, 0.0, 0.0, 0.0, 0.0, 0.0, 0.0, 0.0, 0.0, 0.0, 0.0, 0.0, 0.0, 0.0, 0.0, 0.0, 0.0, 0.0, 0.0, 0.0, 0.0, 0.0, 0.0, 0.0, 0.0, 0.0, 0.13, 0.2731, 0.293697, 0.30342339, 0.303074439, 0.29366815, 0.276392446, 0.252552539, 0.223520046, 0.19068520099999997, 0.4154132850000001, 0.405206161, 0.3838635650000001, 0.353139322, 0.704893324, 1.090325125, 1.104503993, 1.084129854, 1.553269233, 1.528896598, 1.461094328, 2.006239455, 1.936682886, 1.815981487, 2.302870784, 2.821985027, 3.354528295, 4.273181388, 4.951773729, 4.813953625, 6.885496922, 9.343320982, 10.70506301, 16.61947894, 17.91386891, 22.97140381, 26.24404312, 25.83209719, 29.00638295, 30.453048640000002, 35.7914563, 47.93227951, 66.74105201, 71.8567157, 87.68511155, 100.65011450000002, 119.1191137, 142.8076395, 168.9430836, 177.7866908, 196.11233649999997, 202.8420476, 236.3035261, 269.659751, 351.2605609, 389.8834729, 432.09758959999994, 480.9673669, 527.1011455, 577.8185118, 634.9595862, 667.7477655, 729.564694, 783.9129888, 864.5590644, 948.3237605, 1029.042274, 1052.697668, 1065.626593, 1138.083827, 1183.902824, 1267.672835, 1316.495661, 1301.971334, 1285.5803, 1239.32096, 1189.187926, 1243.082557, 1242.575248, 1206.671413, 1216.187819, 1281.116949, 1333.329659, 1447.261207, 1538.491765, 1523.094513, 1528.494152, 1521.939002, 1540.801197, 1550.913136, 1540.276488, 1497.40521, 1447.408903, 1339.06996, 1249.092812, 1188.100595, 1181.224582, 1077.099432, 1008.1738150000001, 917.3055446000001, 834.2249350999999, 799.1556385, 757.6686024, 749.7802118, 748.547254, 775.2911743, 821.7519673, 895.834122]
Forecast: [860.4949144449824, 895.7319060944681, 955.9644664713544, 971.8038769723529, 1024.6324177124422, 1008.399020999093, 1034.6875707570314, 1027.4016915189638, 1074.9324026415434, 1140.4474473259324, 1114.6110295634442, 1140.1504323798313, 1161.8777274006004, 1133.6045483622866, 1123.5319238502798, 1113.1408379348125, 1115.9257343762206, 1160.4949855506839, 1158.7258377017936, 1141.8415594959145, 1175.603737435441, 1146.0293500618266, 1164.3907530183285, 1203.8540833919972, 1229.9478586427974, 1218.4662388589343, 1239.3579540173291, 1304.1008337951564, 1351.3563461955002, 1361.4450555505266, 1394.0818491284483, 1363.5892390783251, 1405.5447957037486, 1409.5191385539597, 1355.949493293829, 1366.016293983363]
95% Confidence: [18.30100679755649, 17.815611704953476, 20.343170879655673, 18.38430103627817, 26.386000565125762, 32.041963487889674, 30.380631463563528, 31.992235670408096, 36.69173686008104, 30.120581612878528, 29.53257198160514, 41.74821872347703, 32.21167187022906, 25.683660863417355, 46.16915573794776, 46.12017323108023, 33.29123407307386, 56.35926200209468, 34.09026482735145, 46.668372298120225, 41.26184866059401, 22.899839055917827, 25.364587034180968, 22.491128625738263, 26.114083520632562, 18.705280029661715, 17.593802355250954, 33.08417638480794, 38.45722748712101, 43.341990362800175, 30.72800398572716, 34.25715662888193, 39.62681916782182, 25.728087731376526, 26.677474791235685, 35.36727656690275]
Variance: [0.5621476869834694, 0.5327235804455149, 0.6946047117994563, 0.5672763014813815, 1.168550538826798, 1.7232114019475895, 1.5491519439085943, 1.7178673009627907, 2.259627772603655, 1.5227446933245659, 1.4638714740664753, 2.925338924192527, 1.7415135801538824, 1.1071699307235983, 3.577702552098058, 3.5701154778190887, 1.8602024899407363, 5.331272903614584, 1.9505679714432451, 3.655491097538534, 2.8575756009312436, 0.8801672393295745, 1.0798313126970855, 0.8490296676620216, 1.14458992199543, 0.5872577757199597, 0.5195409892345415, 1.837134693115782, 2.4823117067573532, 3.1529574718134215, 1.5847804272909145, 1.96971313784164, 2.6355956314297204, 1.1110034596995684, 1.1945099350072053, 2.0994405166986865]
