Data: [0.0, 0.0, 0.0, 0.0, 0.0, 0.0, 0.39, 0.8193, 0.881091, 0.91027017, 0.909223318, 0.881004451, 0.829177338, 0.757657616, 0.670560138, 0.572055603, 0.466239854, 0.357018484, 0.248008696, 0.142459626, 0.433191675, 0.381854768, 0.324195909, 0.262577059, 0.199242782, 0.136264649, 0.20549639, 0.161640065, 0.637320171, 0.646312661, 0.635016522, 1.645799502, 1.706130198, 1.709243919, 1.66076895, 1.567318409, 1.956193371, 2.367495035, 2.786641681, 4.240274413, 5.781335639, 6.964850673, 6.921068684, 7.844032833, 7.539379582, 7.299010269, 6.663707579, 9.14202393, 8.598247929, 9.41090209, 11.38996377, 12.67942037, 12.4795487, 12.95527774, 13.32477554, 14.49758029, 14.87817716, 16.30436903, 15.64881064, 14.21934377, 13.83624327, 14.70636553, 13.46828459, 13.36996321, 15.12037507, 16.8221345, 18.10905394, 17.30400983, 17.80034983, 15.91304533, 15.29707993, 15.55379866, 17.83823157, 15.95907423, 15.86906041, 15.53197615, 19.21264103, 18.4888602, 18.56279164, 19.59244619, 19.0913619, 18.94764518, 19.50987078, 19.31057769, 17.73189658, 17.51912669, 16.43205998, 15.16073815, 14.12172635, 12.342963950000001, 12.37178886, 12.75657762, 11.92019017, 16.30983577, 15.29122173, 16.37573244, 18.82052011, 19.98621341, 26.00575097, 27.60316225, 29.26273754, 31.66847317, 30.62358104, 29.52447069, 32.16953726, 31.39501106, 30.39608714, 28.345173, 26.00899508, 24.6561651, 21.11893317, 20.80185644, 17.02243168, 20.94027645, 20.46812845, 21.4891514, 23.37339751, 23.26801708, 22.29513419, 21.95068556, 19.24216122, 19.667224480000005, 18.47976468, 17.01665792, 14.2493621, 13.991315, 13.86933316, 11.8934695, 10.81838813, 10.66626325, 9.189362963, 8.284471815, 6.611535626, 6.167546988, 4.382930804, 3.815288314, 4.109951424, 4.15184968]
Forecast: [3.6823711130302517, 3.7781553625203865, 4.403206486236651, 4.418367793757208, 4.722345106710562, 4.529913753501855, 4.391032092436865, 4.253516137870108, 4.514973911899929, 5.388632513367288, 4.609735918811096, 4.746957544213266, 5.746962931623725, 5.922030302212058, 6.211817018651845, 6.583196669023011, 6.5262866390229926, 5.925847952809431, 6.358654195703024, 5.9991502956959115, 6.0438073162886665, 5.883068119526988, 6.189516551117893, 6.211258560220663, 5.7809800008529315, 5.8233312832019175, 5.677921171171882, 5.859113368691737, 6.310600405630989, 5.586295639381084, 5.517499313020886, 5.152855198629591, 5.5253484103189, 5.157448459305637, 5.004351754190609, 5.03034140291459]
95% Confidence: [0.15442920071352936, 0.19136781047161747, 0.23037978703612053, 0.12232079200182039, 0.15917773021036963, 0.18522707466525906, 0.16789705195002258, 0.19890980057280608, 0.13149362153507924, 0.22159360907387185, 0.20766742644895406, 0.16573683047665488, 0.27494466498375114, 0.3034329957442476, 0.3846424089472155, 0.3016148899804119, 0.38418425732008854, 0.2613780798545561, 0.33391469953373093, 0.38072442158557024, 0.32489182088287927, 0.2829472484696924, 0.28237024466464145, 0.2539565448028616, 0.4242002007316375, 0.24278430525703837, 0.30391790184449935, 0.19363593366386417, 0.4379265037737422, 0.31513087230433506, 0.35273447902264493, 0.32948553096216926, 0.39155938399678825, 0.5701586146795417, 0.48316816802669493, 0.49589308080035255]
Variance: [0.0019297536800687938, 0.0029633352646360636, 0.004294689332085169, 0.001210719724785771, 0.002050253435823125, 0.002776207498870834, 0.002281020129092094, 0.003201514068596198, 0.0013991120223351614, 0.003973355713816861, 0.003489632808043341, 0.00222270092968261, 0.006116931010150584, 0.007450212596200812, 0.011971741960710696, 0.007361200325548608, 0.011943239496218177, 0.0055281696927290775, 0.0090222335699452, 0.01172909416917907, 0.00854123166037545, 0.006478194574774679, 0.006451800092373442, 0.005218694234432848, 0.014560785881995296, 0.004769624765989601, 0.007474043139469482, 0.0030339957325049025, 0.015518346226559968, 0.008035723230157547, 0.010067898484234917, 0.00878447303869183, 0.012406187566717887, 0.026304766533631126, 0.018890337670732026, 0.019898444645163077]
