Data: [0.0, 0.0, 0.0, 0.0, 0.0, 0.0, 0.0, 0.0, 0.0, 0.0, 0.0, 0.0, 0.0, 0.0, 0.0, 0.0, 0.0, 0.0, 0.0, 0.0, 0.0, 0.0, 0.0, 0.0, 0.0, 0.0, 0.0, 0.0, 0.0, 0.0, 0.0, 0.0, 0.0, 0.0, 0.0, 0.0, 0.0, 0.0, 0.0, 0.0, 0.13, 0.1431, 0.150597, 0.15282639, 0.150248049, 0.143420101, 0.132972345, 0.119580194, 0.103939852, 0.086745349, 0.068667936, 0.05033822600000001, 0.03233134, 0.015155202000000001, 0.129242023, 0.1280429, 0.123122403, 0.11500028300000001, 0.10424036699999999, 0.091429232, 0.077156333, 0.061996034000000005, 0.046491884, 0.031143392, 0.276395448, 0.548830435, 1.22755701, 1.9515842169999997, 2.044661177, 2.067090606, 2.285264373, 2.733062833, 3.174089562, 3.205790931, 3.298148435, 3.862325736, 4.304215534, 5.112789887, 6.447123108, 6.254609313, 6.283708619, 6.081386735, 7.206855438, 8.523571607, 14.81290901, 17.6889254, 19.2366724, 22.00254452, 24.97175309, 26.69488821, 30.254863179999997, 31.45119475, 35.04435732, 36.53687292, 40.45403077, 43.71585191, 47.73001538, 46.17086204, 46.08249817, 45.65049575, 47.55217869, 47.83712798, 46.55846851, 43.48092092, 41.27670046, 38.40460104, 37.75757353, 41.23252156, 41.02299914, 38.853739, 39.60579269, 39.13446724, 39.84624031, 43.56144887, 46.3682931, 44.07340412, 45.28580191, 43.91838587, 43.83015985, 43.69585165, 41.70409871, 40.1503981, 40.09755561, 37.98707071, 38.12802217, 39.01103782, 41.56542077, 40.1574028, 39.17546455, 37.71645618, 37.21185497, 36.52135823, 37.18427041, 36.48536327, 36.56178594, 37.90371276, 37.88433552, 40.83036594]
Forecast: [37.21657830545184, 37.513591237173806, 37.353991730226255, 34.1009435314301, 35.724405318496345, 30.54320951219228, 27.89822134937008, 29.150995075904248, 29.117338153404358, 28.868712037577268, 30.299661588416388, 33.38715673450257, 32.56717270964312, 35.55342906461771, 36.32146212980688, 37.31180082187054, 38.98637813330612, 43.78429162063333, 43.75710718322958, 43.06805839541837, 45.13541290484847, 44.85915184384442, 44.809715744022064, 46.71497869717686, 48.11347172913964, 44.34760596999337, 42.06195193129233, 42.76590169139974, 42.840591888357096, 41.38747621454999, 42.02778177208878, 40.346272913838796, 40.20384402594363, 41.68188304434338, 38.138180346320574, 39.88085846570154]
95% Confidence: [0.818067228337039, 1.1477479435576257, 1.465540100800976, 1.4436036868993114, 1.3047942761116635, 1.2400958889178684, 2.1102787403676126, 1.7101408726481226, 1.6885323599737951, 2.057277962148286, 1.5998177918817929, 1.9807219359245065, 2.2295661773506485, 1.7621141082170002, 2.1238381689467576, 2.0177913478821567, 1.6486535116851828, 1.9294355108611492, 1.447072044310751, 1.0432108937962858, 2.072716407325824, 1.0934618459892942, 1.110371213302941, 1.1430419372201772, 1.1266699536842668, 0.8527734347644081, 1.4948272939286273, 1.027962150171194, 0.97305259475295, 1.1186796779613786, 1.080221942899614, 0.8409920684112175, 1.1358036067303046, 1.5794248304420666, 0.9338502209529094, 1.691071099585015]
Variance: [0.03641671699083034, 0.07168293950890973, 0.11687405499116647, 0.11340146515899366, 0.09264177560067703, 0.08368223654704236, 0.24232736046410672, 0.15914260599144026, 0.15514635433506627, 0.23030779792722614, 0.13927199209789803, 0.21348613082635284, 0.2704976623120395, 0.16896265743887426, 0.24545146613863947, 0.22155183274188814, 0.14790457108091126, 0.20257379182919993, 0.11394703532946425, 0.05921980814123088, 0.23377738051308847, 0.06506238651480756, 0.06709021168479803, 0.07109630371937692, 0.06907424243814823, 0.03957218991507396, 0.12159192324461739, 0.057501216995553855, 0.051522310122568, 0.06809799004421732, 0.06349634629169246, 0.038486331746587416, 0.07019872423031338, 0.13574401324386556, 0.0474544860040042, 0.15561324603169482]
