Data: [0.0, 0.0, 0.0, 0.0, 0.0, 0.0, 0.0, 0.0, 0.0, 0.0, 0.0, 0.0, 0.0, 0.0, 0.0, 0.0, 0.0, 0.0, 0.0, 0.0, 0.0, 0.0, 0.0, 0.0, 0.0, 0.0, 0.0, 0.0, 0.0, 0.0, 0.0, 0.0, 0.0, 0.0, 0.0, 0.0, 0.0, 0.0, 0.0, 0.0, 0.0, 0.0, 0.0, 0.0, 0.0, 0.0, 0.0, 0.0, 0.0, 0.0, 0.0, 0.0, 0.0, 0.0, 0.0, 0.0, 0.0, 0.0, 0.0, 0.0, 0.0, 0.0, 0.0, 0.0, 0.0, 0.0, 0.0, 0.0, 0.0, 0.0, 0.0, 0.0, 0.0, 0.0, 0.0, 0.0, 0.0, 0.0, 0.0, 0.0, 0.13, 0.1431, 0.150597, 0.15282639, 0.150248049, 0.273420101, 0.40607234499999995, 0.413277194, 0.40736324199999996, 0.38981978799999994, 0.622336086, 0.612930672, 0.586077878, 0.544328028, 0.49042332200000005, 0.427196387, 0.357476254, 0.284003846, 0.20935856400000002, 0.135897053, 0.065704782, 0.000560594, -0.058085992, -0.109125341, -0.151786994, -0.185628872, -0.080517696, 0.17649789300000002, 0.20251698599999998, 0.21985866100000004, 0.22887040800000003, 0.3601148679999999, 0.367431437, 0.362993405, 0.348109374, 0.324270465, 0.293087333, 0.386229895, 0.358471303, 0.8427344310000001, 0.8532892139999999, 1.097189842, 1.083784712, 1.039206553, 0.967910014, 0.874705828, 0.7645808859999998, 1.292531012, 1.358910195, 1.277884153, 1.166624191, 1.1614915, 1.022027333, 0.8658487620000002, 0.699312586, 0.918450649, 0.7881213869999999, 1.16718141]
Forecast: [0.9773531799068444, 1.0134976035845984, 1.0416684852029192, 1.0405201046405714, 1.0855843625282666, 1.0525142746259728, 1.0159827645673853, 1.0112350233455927, 0.995965158149127, 1.024897333948962, 1.030214000623564, 1.059268887422973, 1.0581572796618175, 1.025411829176218, 1.0028243385371831, 1.0240199705513495, 1.0675758956112804, 1.1280677205542993, 1.1923416361996928, 1.1205174706953764, 1.1975917230448232, 1.2366176277851755, 1.2642416152324587, 1.326411948455456, 1.345637238703529, 1.3144590871233763, 1.3105380859495372, 1.3687124954411996, 1.4088086182920259, 1.407603215588622, 1.3450203628139223, 1.2841737694364923, 1.3307313756404524, 1.29632888117513, 1.1947242545254102, 1.222684543009149]
95% Confidence: [0.02630707669158524, 0.03123886922573369, 0.0355811072920867, 0.031190136658184313, 0.044270417954685184, 0.03366187739097669, 0.03859363955111534, 0.034171039448345916, 0.031131509756944058, 0.041689525686525244, 0.027743952130138028, 0.04460069481253138, 0.039733809006148396, 0.04749419892067395, 0.04857916361290371, 0.042008192079127114, 0.04239622764776691, 0.05142776480989862, 0.05187865686064269, 0.042670563173072266, 0.020671758811386238, 0.02568085066929672, 0.030860082543076622, 0.031576828176890656, 0.035919152302938094, 0.02346839007762107, 0.019117748535224636, 0.029971582008539038, 0.015501588517195321, 0.018621252439940124, 0.028241111391303073, 0.03135008619376735, 0.022732822682403765, 0.03234473629903771, 0.020086600981508697, 0.04804563400617605]
Variance: [0.0013256909802014884, 0.001869337267863609, 0.002425135453314456, 0.001863509729328003, 0.0037542595667116566, 0.002170569769832706, 0.0028531759658244216, 0.0022367295837002104, 0.0018565105766437232, 0.003329284772617455, 0.0014744626428828318, 0.0038104856555943273, 0.0030242487169113113, 0.004320939241171736, 0.004520611337252625, 0.0033803770210528174, 0.003443114854681331, 0.00506631712515705, 0.0051555455248703235, 0.003487818752785645, 0.0008185627159048143, 0.0012633273638655333, 0.001824279006311681, 0.0019100034792387032, 0.002471435252516774, 0.001055027308825082, 0.0007001169708367815, 0.001720744606182701, 0.0004603090220674625, 0.0006642243831365771, 0.0015277793129418109, 0.0018826716163617954, 0.0009899283705288725, 0.002004030181509825, 0.0007728762502232098, 0.004421859419884724]
