Data: [0.0, 0.0, 0.0, 0.0, 0.0, 0.0, 0.0, 0.0, 0.0, 0.0, 0.0, 0.0, 0.0, 0.0, 0.0, 0.0, 0.0, 0.0, 0.0, 0.0, 0.0, 0.0, 0.0, 0.0, 0.0, 0.0, 0.0, 0.0, 0.0, 0.0, 0.0, 0.0, 0.0, 0.0, 0.0, 0.0, 0.0, 0.0, 0.0, 0.0, 0.0, 0.0, 0.0, 0.0, 0.0, 0.0, 0.0, 0.0, 0.0, 0.0, 0.26, 0.2862, 0.301194, 0.30565278, 0.300496099, 0.286840202, 0.26594469, 0.239160388, 0.207879704, 0.173490698, 0.137335871, 0.100676451, 0.06466268, 0.030310405, -0.001515955, 0.6198858, 0.920550806, 0.963532787, 0.973310586, 0.952911288, 0.90596458, 0.836533607, 0.748949722, 0.647655734, 0.537061473, 0.421414794, 0.304690339, 0.190497619, 0.082009243, -0.018090573, -0.10763769, -0.185000965, -0.249077883, -0.299274773, -0.335473731, -0.357988581, -0.367512289, -0.365058257, -0.351897881, -0.329496606, -0.29945056, -0.263425602, -0.223100372, -0.180114653, -0.136024067, -0.092261818, -0.050107938, -0.010666209, 0.025151334, 0.056632582, 0.083266728, 0.104739458, 0.120922731, 0.131859994, 0.137747732, 0.138914264, 0.135796715, 0.128917019, 0.118857782, 0.626238735, 0.664094431, 0.678241725, 0.670627037, 0.643655007, 0.86007053, 0.829042385, 0.776245782, 0.705441467, 0.620554339, 0.525539293, 0.424259574, 0.320380039, 0.217277056, 0.11796606, 0.025047182, -0.059331224, -0.133491852, -0.196231663, -0.24681054200000002, -0.284927217, -0.310684408, -0.324545348, -0.327283833, -0.319929955, -0.303713566, -0.280007409, -0.250271645, -0.216001308]
Forecast: [-0.14608634109907667, -0.15080685407003608, -0.06165620840493084, -0.011878361961053067, 0.03335875093761429, 0.10680077383205737, 0.14060942928650288, 0.12030361644769129, 0.21575000290166016, 0.24456592273146038, 0.2825068526582628, 0.3273759103984814, 0.29069460579321776, 0.3313751809098576, 0.3169353641496062, 0.35499568654211855, 0.39343689874688476, 0.40128344353049233, 0.4512750645990495, 0.46665337111527244, 0.3811055366871977, 0.39053617815323605, 0.39357001148379994, 0.4092989535990271, 0.3494106659541072, 0.3338050032313161, 0.37139831427836445, 0.30975357085693017, 0.3751407575566513, 0.41512368733976607, 0.3499729070043636, 0.41259042635632465, 0.43794525548829316, 0.5096856239220242, 0.513333649689163, 0.5087995206561091]
95% Confidence: [0.02766471692097682, 0.031053448054245248, 0.032799997968990906, 0.024563288411780834, 0.027937554158692673, 0.026478352191325497, 0.030277598262609565, 0.029403016181090466, 0.029297987577531593, 0.03856954605229224, 0.027057671063298816, 0.03656996518457139, 0.04040810227830458, 0.03707234321220662, 0.048480494908855205, 0.046211312887469956, 0.05428652281472419, 0.052901257662970595, 0.04751995989682448, 0.04563897017876273, 0.06125258442236593, 0.05618245834618659, 0.06253205047435793, 0.058641186059306905, 0.055892051982116345, 0.04979801078273617, 0.058785176389672324, 0.04178449856553174, 0.051269712917909924, 0.06225028454535167, 0.0444350925236565, 0.04615181607716158, 0.0459056706408404, 0.045714337397915014, 0.061639282869522256, 0.05084980880381448]
Variance: [0.0020468635002837765, 0.0025790277780337414, 0.002877292523522199, 0.001613650197368888, 0.002087436017387082, 0.001875073326999211, 0.0024517671863948038, 0.0023121720836328753, 0.0022956832382780104, 0.003978555947582446, 0.001958020529162344, 0.0035767247283880537, 0.004366900990447302, 0.003675669584576814, 0.006285943249796393, 0.005711274095789993, 0.007881709323833893, 0.007484596487415075, 0.006039327357558486, 0.005570678027814111, 0.010034257255914978, 0.00844185553088503, 0.010457835277198249, 0.009196908270309957, 0.008354809402231659, 0.006632242768111557, 0.009242130052147121, 0.004669461252265957, 0.0070300449720152825, 0.010363802107685336, 0.005280664616807258, 0.005696576654106466, 0.005635974861596771, 0.005589092887059261, 0.010161353777186041, 0.006915364317201558]
