Data: [9.0, 21.0, 26.48, 32.6876, 39.593812, 44.26158844, 49.14473958, 50.05523342, 56.13302088, 58.00903896, 58.42718407, 58.83069914, 55.90894173, 51.56209181, 50.623064129999996, 45.93924729, 40.95563472, 37.83171436, 33.44523461, 27.72404579, 25.84325449, 22.36524468, 19.77407851, 18.3088066, 14.41079768, 12.82026573, 10.584179, 10.16417557, 10.681247220000001, 15.23617428, 26.04852341, 34.45818193, 39.38312914, 45.48408775, 46.32042787, 51.00352114, 54.78819945, 61.040763940000005, 72.61684907, 77.96682021, 88.69278963, 97.96537842, 105.771747, 106.1243263, 102.6779179, 101.8058127, 98.15674375000002, 92.60787934999999, 96.615665, 98.24420215, 103.1325595, 109.0881044, 109.8954516, 114.0452005, 112.0986186, 111.7937363, 110.9455301, 111.81377860000002, 108.96078899999999, 103.4342746, 112.8373834, 116.86505990000002, 120.7740169, 126.6088577, 134.1919486, 144.9409721, 146.456864, 147.5974608, 143.4760741, 140.2525439, 134.0237903, 133.7371984, 144.9171498, 144.7715915, 156.0974413, 164.8277829, 166.4102568, 171.1721756, 165.1827373, 157.0767607, 155.379079, 150.479793, 146.8060419, 148.7354846, 160.5799185, 165.7025114, 174.4317697, 182.6651491, 177.5452361, 185.8409573, 193.0618777, 188.6588497, 193.906359, 198.9519266, 205.5843796, 210.356056, 205.509883, 200.3230309, 192.655173, 194.8744457, 191.2555578, 203.770892, 200.5415659, 185.3589255, 176.9237814, 170.2644382, 165.0730962, 179.0486956, 191.5252741, 197.44843650000004, 197.0258296, 206.8547085, 214.2550583, 236.2677213, 257.6810864, 258.0226824, 262.8394383, 266.5593355, 274.5004629, 281.7324637, 283.1992905, 277.9334558, 268.296201, 255.3537856, 243.1049982, 233.4979396, 225.4866487, 211.1618874, 205.7247456, 201.6495756, 197.4924353, 198.38623610000002, 196.6390696, 203.5674477, 217.5559646, 223.9189508, 247.8480699, 272.298835]
Forecast: [245.96224513727574, 239.48226898189975, 249.27607474482735, 220.60933948436676, 229.3585099936335, 200.3072147301205, 179.5162622553758, 184.58599938630206, 173.70947710525544, 179.21772269721652, 192.44753545783237, 194.08383135002322, 195.47727478132762, 205.2456761546233, 217.34574473631318, 219.90645657122909, 237.9381378520944, 263.9876470607038, 273.6178350504075, 261.1145878332639, 290.5857729254104, 285.1823858506542, 289.6495072275215, 299.4901043313525, 301.0882345591196, 278.6411522002788, 273.6746024672394, 265.35857258119825, 272.46429008119514, 256.47633708623835, 251.92814110245942, 240.36862054015975, 237.91499538153937, 245.22263135912877, 230.11324824560785, 239.4350556411686]
95% Confidence: [6.448788785604255, 4.661902782372622, 6.5664819000710475, 5.4732786862318665, 4.993608361996115, 5.833263529313956, 6.4248635053687, 4.436584414330116, 6.289819340483261, 5.020337831087217, 4.428792715010084, 8.683097468732628, 6.923314931939462, 8.365393843394624, 8.77862978974374, 7.646889024132601, 10.835964932598996, 12.692004575107473, 8.27440751552819, 9.175577070240626, 7.149710982042142, 5.2746897872804634, 4.6235266455347865, 3.6939968561468, 6.199719212255149, 6.011913991402684, 5.648994139518439, 4.503304697100067, 5.848751450492987, 4.198827865113911, 4.638338839489597, 5.812926302614035, 6.579571807228763, 6.497564580697755, 5.755930478375313, 6.247143025400425]
Variance: [0.38225400477479327, 0.1997662455021522, 0.39633386418473593, 0.2753536183251203, 0.2292052831749188, 0.31276553500960064, 0.37942284749275224, 0.18092273334886333, 0.3636403836214307, 0.2316655916239366, 0.18028782142048516, 0.6930188649759143, 0.44057906253352536, 0.6432332374820486, 0.7083520968430775, 0.5374836082971007, 1.079271944524845, 1.480662619458283, 0.6293170678490504, 0.7738601191702802, 0.4698644658939936, 0.2557346155508266, 0.1964908839482759, 0.12542632724819486, 0.3532968381553642, 0.33221652910246247, 0.29331750810302787, 0.18640535181440843, 0.31442857698712584, 0.162051049410197, 0.19775185569926998, 0.31058844449187023, 0.3979155722892053, 0.3880582497497003, 0.30452763680917216, 0.35872237125358214]
