Data: [0.0, 0.0, 0.0, 0.0, 0.0, 0.0, 0.0, 0.0, 0.0, 0.0, 0.0, 0.0, 0.0, 0.0, 0.0, 0.0, 0.0, 0.0, 0.0, 3.12, 3.4344, 3.614328, 3.66783336, 3.605953183, 3.442082429, 3.191336277, 2.869924651, 2.494556449, 3.121888374, 2.792830455, 2.932893414, 2.570963275, 2.168097251, 1.740474913, 1.30340056, 1.520931627, 1.171081637, 0.821084198, 0.481453977, 0.421343158, 1.324603127, 1.457799005, 1.333941324, 1.312451173, 1.803736501, 1.951781201, 2.086467996, 3.375092071, 3.333600976, 3.196250962, 3.36674842, 4.029193679, 4.844518603, 6.712975476, 6.593197397, 6.287601205, 6.993936595, 6.519820349, 6.157521116, 5.966726174, 5.60600894, 5.593183162, 5.723844467, 5.489724307, 5.884324434, 8.282934815, 9.093196114, 10.2396354, 11.48424169, 12.28986011, 12.97622088, 13.40465894, 13.81811344, 14.62567908, 14.06371778, 13.93604108, 12.79305082, 11.60056805, 10.81931653, 9.511610658, 9.209327055, 9.020992002, 8.550860693, 7.621216694, 7.355900595, 6.156439088, 5.992230558, 5.444675965, 7.698536552, 8.096054984, 7.990939924, 8.096608171, 8.448811349, 8.032329868, 8.05652664, 10.67660793, 12.25438286, 12.67674881, 13.5965757, 14.04652263, 14.49007919, 15.98457772, 15.53008906, 14.44514659, 13.12534398, 11.63376131, 9.642324061, 8.860760819, 8.451531076, 7.539678375, 7.222820594, 7.440963972, 7.964064094, 9.165932281, 9.89263568, 8.849889669, 7.905921569, 7.269172633, 6.36802341, 6.495948408, 5.316202454, 5.134945021, 5.577764981, 5.648969996, 6.303585409, 5.503631719, 4.748564446, 4.606546967, 3.740534827, 4.018907856, 4.938876347, 6.398681698, 6.440546063, 6.66500761, 6.977072773, 8.948619237, 8.714552478, 9.99245582]
Forecast: [9.820854513761196, 10.170759532277756, 10.907996646996157, 10.804415973302428, 11.365413406653676, 11.354011786648591, 11.43301519037899, 11.6262262979307, 11.723024308232084, 12.487535942536478, 12.238487670948835, 12.446314041379962, 12.164501475453314, 11.560419504770236, 11.551867575200115, 11.401294162849174, 11.196888183144065, 11.825842777864306, 11.707360062013015, 11.253626653482733, 11.809843161858174, 11.667227159909377, 11.85981611839588, 12.337158797731377, 12.37447249756251, 12.675832739401613, 12.962250923369925, 13.51385038064278, 14.378466085365352, 14.345490279399277, 14.694557826203255, 14.20577446390452, 15.168679240623801, 15.160309287273364, 14.934997955671239, 15.021746305421638]
95% Confidence: [0.17090944842912315, 0.17954583080473194, 0.21913942887445692, 0.22846873215332666, 0.19269462497924797, 0.2622397610990426, 0.22604810901251898, 0.2948781428999189, 0.2782366974815224, 0.3117668282607672, 0.2479580964777158, 0.3692010777679276, 0.30622759956454493, 0.239203334283804, 0.3170276142857697, 0.33515127864143424, 0.2934323966179379, 0.375246249183572, 0.3029790918091163, 0.3093418581749212, 0.24714623005782496, 0.12794430321786862, 0.27669076304848766, 0.32371583583111935, 0.36949577682264667, 0.2300272905911301, 0.28390273192375887, 0.2953134924228632, 0.35787156941272386, 0.3998080071033077, 0.32392478692891874, 0.33076795026864686, 0.4473752272982832, 0.34457679529627133, 0.42423033527226045, 0.40119721332619485]
Variance: [0.004756842788646945, 0.005249735368705487, 0.007820379286702513, 0.008500415666228379, 0.006046804311308435, 0.01119911582127801, 0.00832124746883045, 0.014160280461087044, 0.012607109183337455, 0.015828747198663184, 0.01001251798978489, 0.022197935356988257, 0.015271277549399274, 0.0093179669821346, 0.016367448317252356, 0.018292309447672274, 0.014021769970085335, 0.0229308105654363, 0.01494899418826965, 0.015583466731008263, 0.00994705794736862, 0.0026658063790626556, 0.01246740309636524, 0.017065326524272707, 0.02223338826660704, 0.008616788558065703, 0.013125803375736917, 0.014202121667930332, 0.020856480399780736, 0.026030930439339576, 0.017087360846275438, 0.01781695723744717, 0.032593468331080046, 0.019335648830002217, 0.02930826834009278, 0.02621213812807396]
