Data: [0.0, 0.0, 0.0, 0.0, 0.0, 0.0, 0.0, 0.0, 0.0, 0.0, 0.0, 0.0, 0.0, 0.0, 0.0, 0.0, 0.0, 0.0, 0.0, 0.0, 0.0, 0.0, 0.0, 0.0, 0.13, 0.1431, 0.150597, 0.15282639, 0.150248049, 0.143420101, 0.132972345, 0.119580194, 0.10393985199999999, 0.086745349, 0.068667936, 0.050338226, 0.03233134, 0.015155202000000001, -0.000757977, 0.2449429, 0.258725403, 0.263367893, 0.259645098, 0.638505229, 0.66032419, 0.66015153, 0.640191589, 0.603021895, 0.551478514, 0.488545115, 0.41724870199999997, 0.34056447, 0.261331727, 0.182182307, 0.105482359, 0.033287935, -0.032685684, -0.091081371, -0.140905048, -0.181519206, -0.212626372, -0.23424403, -0.246672602, -0.250458138, -0.246351377, -0.23526474999999997, -0.218228844, -0.196349662, -0.170767909, -0.142621295, -0.11301070200000002, -0.082970848, -0.05344585400000001, -0.025269984, 0.000846399, 0.024325752, 0.044727396, 0.061747055, 0.075212336, 0.085074718, 0.091398621, 0.094348175, 0.094172329, 0.091188897, 0.085768141, 0.338316417, 0.355460373, 0.360226122, 0.353708512, 0.337231408, 0.312285072, 0.280464818, 0.243412644, 0.202763309, 0.160096007, 0.11689255599999998, 0.074502673, 0.034116698, -0.00325418, -0.036790345, -0.065869183, 0.169935938, 0.177062469, 0.178164473, 0.693811342, 0.737079184, 0.753907866, 0.746436444, 0.717319071, 0.669593863, 0.60655336, 0.531620307, 0.448231949, 0.749735469, 0.698596573, 0.631613669, 0.552380646, 0.46449950500000003, 0.371471494, 0.276602139, 0.182921655, 0.09312157, 0.009507846, -0.066029741, -0.132032677, -0.187474339, -0.231747604, -0.264641115, -0.286306041, -0.297215294, -0.298117162, -0.289985329, -0.273967119, -0.251331717, -0.22341990300000003, -0.061596674, -0.014107867, 0.809055295]
Forecast: [0.4720311752204552, 0.6356675305127594, 0.6623442145100182, 0.7010897822052428, 0.7767406623881238, 0.8285054533786922, 0.8642098089813279, 0.8981495719748777, 0.9312849677646792, 0.7924779041909533, 0.8150892063909947, 0.6761300942685029, 0.8637470567219054, 0.7201672697355798, 0.6424803471240743, 0.6551924834677714, 0.7510314373142221, 0.658824095301097, 0.6932285877156612, 0.6390572052800655, 0.764863563364577, 0.5592809051004066, 0.4910350255373555, 0.5578951077182657, 0.5605227072505098, 0.573561075256878, 0.5181500607265851, 0.5590395467158288, 0.5696394475744313, 0.6208187576165161, 0.6716067343337556, 0.6004648434964901, 0.6627076264553088, 0.8537688526253366, 0.9017621837675392, 0.8068874578730636]
95% Confidence: [0.03585726011770077, 0.05452820585155699, 0.051474925839739255, 0.05670163087116323, 0.07082352562544028, 0.07488183063086215, 0.07448299253107198, 0.08905716902743861, 0.08888100272400978, 0.09345568446910407, 0.08293019239919361, 0.06362316123037692, 0.10325974764728948, 0.07840479502353762, 0.0613111540613839, 0.05726529673488695, 0.07100292892818276, 0.04330800972503701, 0.047844570830169485, 0.046426288924190005, 0.0609173251728221, 0.039458931214358096, 0.037213134846968574, 0.04169482368999283, 0.04037340461822372, 0.05551911945709176, 0.05574463643720738, 0.03535959709193749, 0.044352354917007814, 0.06358109832309458, 0.0709953216783991, 0.05757056927909724, 0.06003686135951064, 0.08146703856976761, 0.09224986304321535, 0.089171645478026]
Variance: [0.004136793573625961, 0.009566478278840891, 0.008525130475899343, 0.010344290936543614, 0.01613855888952422, 0.018041081124392375, 0.017849407966709637, 0.025518049220582803, 0.02541718986766677, 0.028100954653365144, 0.022127637538628436, 0.013023870830671228, 0.03430613465329651, 0.019778569138666855, 0.012094521998395462, 0.010550978165065198, 0.016220424229707858, 0.006034566928565288, 0.007365037693247539, 0.006934858116164282, 0.011939641075229946, 0.0050095683833303204, 0.004455559266162394, 0.005593375073789078, 0.005244455783246802, 0.009917330274978955, 0.009998061610514773, 0.004022761306254435, 0.006329116535803401, 0.01300665656476817, 0.0162169461131269, 0.010663767548272883, 0.011596998368552349, 0.021353723445741542, 0.027380481188811808, 0.02558369339660812]
