Data: [0.0, 0.0, 0.0, 0.0, 0.0, 0.0, 0.0, 0.0, 0.0, 0.0, 0.0, 0.0, 0.0, 0.0, 0.0, 0.0, 0.0, 0.0, 0.0, 0.0, 0.0, 0.0, 0.0, 0.0, 0.0, 0.0, 0.0, 0.0, 0.0, 0.0, 0.0, 0.0, 0.0, 0.0, 0.0, 0.0, 0.0, 0.0, 0.0, 0.0, 0.0, 0.0, 0.0, 0.0, 0.0, 0.0, 0.0, 0.0, 0.0, 0.0, 0.0, 0.0, 0.0, 0.0, 0.0, 0.0, 0.0, 0.0, 0.0, 0.0, 0.0, 0.0, 0.0, 0.0, 0.0, 0.0, 0.0, 0.0, 0.0, 0.0, 0.0, 0.0, 0.0, 0.0, 0.0, 0.0, 0.0, 0.13, 0.1431, 0.150597, 0.15282639, 0.15024804900000002, 0.143420101, 0.132972345, 0.119580194, 0.103939852, 0.086745349, 0.068667936, 0.050338226, 0.03233134, 0.015155202, -0.000757977, -0.0150571, -0.027474597, -0.03782610699999999, -0.046007682, -0.051990869, -0.055816012, -0.05758416, -0.057447967999999995, -0.055601957, -0.052272488, 0.342292209, 0.38713166999999993, 0.415873235, 0.429264446, 0.428438602, 0.414842185, 0.390160144, 0.4862415030000001, 0.458127481, 0.419081037, 0.371366806, 0.31728299400000004, 0.259089073, 0.198941872, 0.138841135, 0.6005852380000001, 0.598137373, 0.837990174, 1.088717989, 1.081711483, 1.042954284, 1.106784175, 1.031027552, 0.931915765, 0.8147576839999999, 0.68487268, 0.677429997, 1.200408681, 1.265077237, 1.57532662, 1.507291267, 1.66084071, 1.939209988, 1.831566039, 1.679739503, 2.272703436]
Forecast: [1.9244204872554795, 1.8863570893909056, 1.934017411734691, 1.7169579952943244, 1.8152486811874387, 1.612839932772701, 1.459856598464952, 1.4830945801554294, 1.4422135377264176, 1.4821608290024164, 1.550174704877517, 1.5947765282320776, 1.5625037963384665, 1.661562561302752, 1.7768594931701016, 1.8287441149416483, 1.8961989322053336, 2.1241504413787866, 2.175218759008732, 2.1041711739980262, 2.3234316043269985, 2.2783877629813913, 2.336108566520711, 2.3992712170524633, 2.3613595385105897, 2.2098165895227284, 2.1785591579180816, 2.1273574085623683, 2.1802177752280327, 2.0216498152080953, 2.050471203437632, 1.9351716977603437, 1.9175516658475764, 1.956559651959642, 1.8499368659766504, 1.926487256636231]
95% Confidence: [0.04014111863728476, 0.04295237100927626, 0.046804513606217894, 0.03892259742740618, 0.05667488422521291, 0.05291558504862472, 0.07901743828467526, 0.0691937814694191, 0.05717304344554632, 0.08094767720795631, 0.08358856706815208, 0.07429932294085229, 0.07344475030937361, 0.06300178741058529, 0.06535305168760025, 0.06526907690511113, 0.05843605177490759, 0.05561691710997892, 0.0367300119197022, 0.029762522153163315, 0.037021034472093144, 0.025708386274916523, 0.03937590123637424, 0.039148906439447725, 0.031187250834797623, 0.03365504139351781, 0.04787740289256012, 0.04385045288179053, 0.05635158321758783, 0.06317894003939027, 0.030393067488976994, 0.0424060629168336, 0.047812583521209956, 0.06274672199901515, 0.05604391979863619, 0.0796939269745422]
Variance: [0.0018455425056554458, 0.0021130967690486586, 0.0025091149187449376, 0.0017351966221062988, 0.003678971330385525, 0.003207098943177785, 0.007151398646432877, 0.005483769826766683, 0.0037439298695017033, 0.007505054630853131, 0.008002741844923118, 0.006322877374103174, 0.006178266190569232, 0.004546223574066164, 0.00489189196370348, 0.004879328765602352, 0.003911170631352289, 0.003542900444036031, 0.0015452089418169677, 0.0010145758757642554, 0.0015697922926965337, 0.0007569980362359071, 0.0017758492198536736, 0.0017554336260730886, 0.001114036114863193, 0.0012973145065701083, 0.002625464727256384, 0.002202384929220063, 0.0036371175507794373, 0.004571826738926877, 0.0010580206921781336, 0.0020596861118699927, 0.002618360821329856, 0.004509486987924694, 0.003597510563319647, 0.007274373211014876]
