Data: [39.0, 31.0, 30.25, 31.3875, 32.219625, 37.16194875, 38.40518166, 40.82193583, 42.38235651, 44.83526443, 44.19782362, 44.49819218, 49.83357813, 49.04041813, 55.55536159, 58.03214986, 58.1202948, 58.4360164, 63.15708536, 60.85133485, 61.04061936, 59.14975683, 56.583487840000004, 53.55634113, 49.91521885, 45.48075223, 42.91530971, 38.78895214, 41.41156177, 44.14956359, 51.66927831, 60.97694322, 78.06453333, 87.82142844, 92.53799118, 94.25675791, 93.97594523, 91.62393546, 109.1384086, 135.6072822, 160.3510499, 188.2199094, 208.3852857, 213.7425657, 215.3818408, 216.9757331, 208.3109642, 202.2933433, 203.7986842, 211.9795304, 218.4729062, 221.5027571, 223.0445403, 230.8208089, 237.0148264, 224.4689974, 225.3936813, 218.1540864, 199.7138284, 192.7761814, 205.9290136, 202.5586922, 201.9786421, 214.8572378, 223.5122568, 243.2664062, 260.1871485, 260.7702021, 271.1918442, 274.1955669, 269.3930502, 279.9289937, 305.7634731, 303.2516003, 303.9533668, 319.4063556, 329.2218549, 339.2091486, 339.2814385, 335.6380562, 335.6498705, 322.1710072, 315.5249001, 306.3776566, 316.6438078, 316.9440297, 320.0959085, 323.0997221, 335.2501627, 355.2580544, 379.8174153, 366.5263176, 377.0885401, 375.7018843, 365.8428374, 373.8744101, 377.6865933, 369.3569603, 382.8495819, 413.4374538, 439.0134149, 465.1713774, 456.0284024, 452.9788728, 451.10493, 432.1352336, 407.5784498, 421.9699908, 429.0432781, 425.1579383, 416.3063943, 449.2908129, 466.6380652, 515.7214504, 516.8348535, 502.7618707, 487.1633301, 485.2897436, 477.9148235, 500.9699506, 497.5304666, 492.2590169, 484.8869417, 456.6554658, 429.0474735, 409.2988562, 381.086135, 354.5021018, 332.9514089, 296.517243, 275.6709764, 267.1492072, 254.7551387, 244.3478229, 249.910804, 260.3001628, 275.3615809, 314.43600969999994]
Forecast: [298.2138450290503, 310.20501707807966, 332.21021683154135, 340.7523146201233, 355.7492968798906, 351.52598150738885, 358.8122209656832, 356.92940385162404, 372.9291135294221, 390.907477033952, 381.92809151268347, 391.9047826386011, 395.2326362419072, 378.18084832200196, 378.05318926146987, 370.3566787201238, 366.45029298438703, 388.55323940750804, 385.3130897968021, 378.8963120480777, 386.93110061637907, 383.49530363756514, 389.9476004250911, 405.44727104146136, 415.67244141020035, 415.11571975432776, 422.0174417431333, 442.593469972641, 465.9423552720218, 470.59581144138883, 472.3470879694267, 456.9602896498203, 477.1995185287495, 476.7240932678441, 459.652712885946, 464.42030438814885]
95% Confidence: [6.25434524499876, 5.366591654025216, 7.318963355910895, 5.300277446852547, 4.628981957434799, 4.512184333244806, 8.684903655177104, 8.320621717876291, 9.319313581628686, 9.93467688560932, 9.692800664447173, 10.944118033491643, 13.959308597495006, 14.465088119362274, 16.575088070768828, 16.846850690445535, 16.477453071981692, 19.332095578227918, 14.366041831793614, 16.96540472417297, 16.766507348611807, 11.076779178954695, 9.917582578042142, 10.155231671619253, 10.736851118594497, 6.64584118132061, 5.825097815111167, 6.806455182653144, 4.230311167573602, 9.252090604599431, 4.7980213335394195, 4.7565808504710905, 8.612045149821089, 4.833085024732714, 10.101895352621002, 6.575648818038555]
Variance: [0.1970152309993718, 0.1450551532163381, 0.2697958044064495, 0.14149244024556523, 0.10792127147406147, 0.10254386170429113, 0.3798972074861963, 0.3486965101933462, 0.43742533574944764, 0.497099728839185, 0.4731889253376542, 0.6032503837258606, 0.9814402181836955, 1.0538486105036187, 1.3837184705906675, 1.4294649006635325, 1.3674649436098205, 1.8823219355686736, 1.039465931637226, 1.4496544648847274, 1.4158631958926444, 0.6179638634841704, 0.49539055078594957, 0.5194165449581924, 0.5806172369976764, 0.2224518220269348, 0.1709001762472762, 0.2333340311969614, 0.09013235273066489, 0.43113750151695573, 0.11594723936714338, 0.11395301028161096, 0.37354995785160033, 0.11764809926408427, 0.5139746958004187, 0.21777758978059752]
