Data: [0.0, 0.0, 0.0, 0.0, 0.0, 0.0, 0.0, 0.0, 0.0, 0.0, 0.0, 0.0, 0.0, 0.0, 5.59, 6.4133, 7.671871, 8.65442877, 14.1390979, 17.96112718, 23.75211972, 24.21144941, 24.99850265, 29.67689548, 29.11714217, 27.59984993, 25.98629141, 23.544500000000003, 20.73055273, 19.61608361, 21.42457889, 18.53948727, 15.4167202, 12.17372823, 9.179823614, 15.00991475, 33.08669933, 43.42320447, 45.17336296, 73.53330471, 84.32125315, 98.42076915, 96.75771046999999, 107.9582264, 117.6199439, 131.4068913, 139.8129372, 156.3439905, 157.6016187, 156.89543549999996, 165.7430076, 162.6135322, 161.1385984, 149.5570001, 140.3168515, 120.6712123, 109.30000059999999, 102.8969101, 92.87722134, 93.51318479999999, 90.82015638, 90.12182610000002, 79.22967407, 69.35984702, 73.32620727, 69.60614527, 63.87990511, 57.34989182, 60.4223831, 80.28495376, 105.9827187, 115.1712257, 128.0757451, 140.3075403, 147.3769297, 182.26807229999997, 194.89205850000002, 194.3768843, 200.851921, 220.1138964, 243.1662573, 255.8583945, 248.11556609999997, 245.5435535, 227.4724356, 209.3442565, 203.3785675, 208.16809040000004, 195.6736183, 200.33838489999997, 191.8165233, 178.6923521, 181.1098275, 192.9422605, 211.83318240000003, 235.3100167, 239.279867, 284.1843363, 293.5328285, 302.7004867, 301.5003645, 298.2752435, 294.2443774, 277.0292665, 268.1147887, 251.1583151, 243.8627393, 236.140839, 214.76690350000004, 207.17735440000004, 203.0714397, 199.5539732, 200.5616342, 206.04168, 195.9924709, 211.9584085, 210.1490002, 183.6560626, 158.702737, 142.9536618, 156.6608842, 136.5075579, 136.3543375, 140.515809, 161.9456591, 162.91415440000003, 149.9883755, 149.7455233, 147.3245906, 140.7260134, 146.7355136, 146.0819983, 140.3513746, 139.033272, 122.1659816, 108.6904407, 91.04174071, 76.77665849]
Forecast: [85.75207463191374, 85.03453919541369, 92.09548698746643, 100.13421314429532, 104.45321012250271, 109.21851181474935, 114.95343672731978, 110.83208472677465, 119.42777838193159, 139.71208541639936, 139.2821270759748, 155.60423372320332, 164.15122204108337, 182.73410793711318, 191.7567288170575, 192.5337589191143, 187.79803766786245, 194.25292471367814, 197.52068387879572, 188.43231665729303, 183.77006387553232, 171.36769493309038, 171.92141480752144, 175.40100926249548, 173.91291190820007, 164.17853816652777, 159.14114873995865, 164.0258276739509, 162.446472088151, 165.61535914796124, 175.5540084327521, 174.10977204342058, 175.54123444542407, 179.43244718698236, 175.13351330751618, 172.2460509007322]
95% Confidence: [3.706792246275034, 4.684394134266517, 4.449885524344024, 4.064844190473465, 5.56118492761357, 5.418093829360639, 4.764812857191307, 4.373178170221615, 3.4288114277561728, 3.480258921078661, 4.6743775262211384, 4.291861276312822, 5.652703081794521, 3.9431079108138016, 4.929322486103541, 4.4560760254858005, 4.958048170530995, 4.0677146163865565, 4.255125068184672, 5.671762574539785, 4.700416873138688, 3.902674429473101, 3.7324123903510236, 4.23905665960145, 4.06022562950959, 4.2374756982460555, 3.361147522157241, 2.3684828049610465, 3.4956146566400514, 4.412581263945703, 3.261430245283661, 3.6291103230717408, 4.369884594701811, 3.8320459394210102, 4.720590481304158, 6.118954183091161]
Variance: [0.11816018447093689, 0.1887042155107118, 0.1702834467991323, 0.14208968588316434, 0.26595578273699116, 0.2524455475131388, 0.19523894857563748, 0.1644633425191277, 0.10110252096417614, 0.10415924652610885, 0.18789805348932864, 0.158403983221237, 0.2747812429637398, 0.13370634264119424, 0.20895327032074879, 0.1707575519630825, 0.21139573650709748, 0.14229041589209487, 0.155703849652786, 0.2766373502326253, 0.18999732730227825, 0.13097830861462245, 0.11979921084668846, 0.15453012750708423, 0.14176697616373776, 0.15441489606021955, 0.09715158880288124, 0.04824087878219517, 0.10508041975076558, 0.16744036633031237, 0.09147256375759308, 0.11325962361301488, 0.1642156830058051, 0.12628043352871995, 0.1916317109431294, 0.32198013169694323]
