Data: [0.0, 6.0, 13.42, 20.6354, 27.910198, 30.270210260000002, 31.246114989999995, 31.507045790000003, 30.656672139999998, 29.16163569, 26.77125382, 30.606772510000003, 27.97053617, 24.78880737, 21.21158723, 17.51574149, 13.98400808, 11.02592776, 9.702877648, 6.581046215, 4.023966539, 1.231875834, 3.9120379250000004, 2.236822669, 0.692024259, -0.559055038, -1.868254755, -2.860486857, -3.637681143, -4.328025566, -4.55949478, -4.571032229, 5.495715034, 7.370916119, 8.367469612, 9.173343668, 14.75343001, 15.362904809999998, 20.16054499, 30.44360481, 31.14505049, 30.6420001, 29.39999474, 27.30019007, 24.72136017, 21.55877246, 18.06568034, 14.37992702, 10.76135122, 7.081792472, 3.81773582, 5.505552759, 13.06942142, 16.72482057, 15.712935200000002, 19.2708503, 18.48484838, 17.18290121, 15.685661709999998, 23.83757631, 23.20917217, 22.09733327, 20.58375827, 18.23402801, 30.16224995, 29.08278219, 27.32877774, 34.3803104, 32.58528049, 39.44219515, 41.87015249, 43.80920952, 45.48008457, 51.69946957, 67.64593198, 74.7183702, 81.09201348, 86.51553204, 81.79123278, 113.2656265, 123.154612, 160.7100606, 190.2486625, 204.9459444, 226.5251197, 221.2206239, 235.419959, 229.0967618, 233.2929815, 220.7507897, 219.2902935, 202.517138, 246.355784, 247.4198918, 241.7149921, 252.73913269999997, 230.9686851, 214.7062218, 192.4388182, 183.7549903, 170.9568956, 144.1499035, 155.8391134, 166.884229, 175.7483061, 177.3135264, 169.4128188, 160.0797974, 164.7976843, 156.3898519, 142.8411072, 152.8520037, 184.1462505, 190.3266851, 205.6992757, 222.973629, 270.041338, 295.071036, 302.9756332, 320.2905016, 341.0751681, 334.869113, 363.1175899, 361.4276915, 366.1139522, 444.6781682, 466.5056176, 448.2451535, 454.5933812, 448.6089847, 456.9447584, 482.9686119, 472.0610217, 434.0023598, 410.4694934, 360.6158288, 297.1690558, 241.5318884]
Forecast: [223.76983144965476, 239.117683707495, 223.3103018142397, 207.98870345776504, 216.7191188192688, 182.22553702265802, 189.20233858752195, 198.43386665518918, 271.9930377799684, 252.32253247919832, 282.6396568886742, 333.92547293223333, 345.7308045232476, 380.1062293701271, 363.3624583281666, 363.41565702303893, 378.8281940575989, 403.3662360033247, 386.9996920704589, 402.5438728450899, 374.56158963962383, 353.1047827077834, 341.0578115903847, 355.8954112147768, 390.16360384390765, 357.8981060219052, 320.86752510205247, 392.1823043189738, 358.13033214286577, 395.01651660520787, 399.5799455593457, 401.6770335052654, 401.1705807785939, 419.8792490701246, 374.88866949413654, 433.4774745547232]
95% Confidence: [13.827572888304125, 8.008187483384864, 13.50249824027938, 18.083349731003885, 21.748043158131825, 27.871914985107757, 19.274604312681895, 14.217257646319837, 17.039109440340255, 22.334993815244445, 13.369364764028939, 18.0440192565075, 21.046395409588733, 18.49527078061616, 16.54871455835678, 15.224635962533242, 24.138938384691304, 20.680407892176497, 18.457570379765414, 12.351630262490684, 12.756854696088523, 8.562522273998374, 12.262635618151615, 9.572462648568726, 10.897693630893404, 7.084488080179348, 10.003743071720848, 7.093678385015924, 18.710937080567344, 7.0359443610682595, 11.011074608778861, 8.002496619211394, 12.36986063910709, 14.10516849280256, 11.863276570960831, 19.471895400554782]
Variance: [1.0305306246364985, 0.3456506169545106, 0.9826461992467398, 1.762490366275559, 2.5492318723774137, 4.18699619108562, 2.0023493610577763, 1.0894332278698624, 1.5648140250700306, 2.6886893056976398, 0.9633641912331178, 1.7548318538783412, 2.387395785896375, 1.8437003294377179, 1.4760376459728353, 1.2492885094896997, 3.1405462600289917, 2.3050862876826788, 1.8361916002976741, 0.8222757284431617, 0.8771143363267526, 0.39515949349527213, 0.8104693330761618, 0.49387413789082485, 0.640085649120693, 0.2705116267158694, 0.5393789548746614, 0.2712138762962386, 1.8869483332985408, 0.2668170854888029, 0.653474045804174, 0.34515963261018917, 0.8247049272517968, 1.0723226272856927, 0.7585395227938839, 2.043550327070554]
