Data: [0.0, 0.0, 4.81, 5.2947, 5.832089, 6.07077643, 6.133471824, 5.905893524, 5.523896248, 5.274381813, 4.691587366, 10.65632474, 10.60489864, 10.24046819, 9.605266737, 8.745427428, 7.839209227, 6.818436569, 5.59518808, 4.326408797, 3.054715179, 1.948549467, 0.794543843, -0.137897535, -1.072957848, -1.882323395, -2.554282685, -3.082417566, -3.335266432, -3.562772418, -3.400644633, -3.352710287, -3.208988068, -2.983368428, -2.6908097, -2.346782553, -1.836754644, -1.422626887, -1.007233099, 9.016838303, 10.36799742, 11.27300069, 11.74931363, 11.82551585, 11.53933238, 10.93558729, 10.06414909, 8.97793023, 7.730995353, 6.376824103, 5.096765254, 3.691809334, 2.706594725, 1.438703735, 0.254440732, -0.819029192, -1.760581249, -2.555160662, -3.193627314, -3.672438481, -3.993195377, -4.162080723, -4.189215112, -4.087959608, 10.55580913, 12.44852673, 13.67851676, 14.37515228, 14.57086969, 23.92988926, 29.0451102, 29.07745574, 28.23424305, 26.62832434, 24.38414777, 21.63286443, 18.50772348, 24.75986493, 22.37399628, 29.07549461, 31.64457827, 29.30741621, 36.07474788, 33.71310394, 30.47623128, 26.64875894, 22.40457107, 17.91266486, 14.11256932, 9.669106251, 5.379916305, 1.358247865, 2.507998832, -0.232465262, -2.691908988, -0.014651073, -0.914679417, -1.997264544, -2.911673222, 1.162709165, 1.094772038, 1.000785462, 10.50617398, 25.77583843, 32.58526128, 43.686184, 44.86642894, 44.58265651, 42.98978163, 40.26650079, 36.60755301, 41.83627341, 61.93703358, 64.47960672, 75.82353434, 91.82836317, 93.90785823, 104.852168, 104.0664818, 106.8073698, 127.9399478, 120.3510696, 115.1405472, 112.7768606, 99.79623679, 94.63978829, 94.18979099, 81.93909969, 76.60530452, 66.94672974, 86.11561055, 82.16413496, 70.80288288, 58.38366952, 55.36486741, 48.22699949, 36.94610837, 25.77492312]
Forecast: [29.664622983373206, 29.0504627093463, 31.422632651134844, 34.62877698839541, 36.101310453438614, 38.04812767828125, 39.60497215552557, 38.05317215499715, 44.50578232707739, 51.30776540694418, 49.96621294276624, 60.070578146975556, 64.02016701525939, 73.68734423742364, 75.7628013378832, 74.92961240137072, 75.94789512299043, 77.5341485563268, 78.96607074283553, 80.12606398722419, 75.48874479333871, 70.85524613283899, 69.49902541323695, 72.18852077468115, 70.34986811180131, 66.87407495114788, 63.575528611821376, 65.00063331959389, 65.6925311531702, 66.76764907503727, 72.43054126981745, 71.46631795173371, 71.53172456819979, 73.08436340839374, 71.00138725420496, 70.55931875046954]
95% Confidence: [2.056850826435191, 2.053899635975546, 2.645294945352182, 2.3657411413177867, 2.3798169662281046, 2.668341826855954, 1.70091793032678, 2.6892935156496804, 2.275719346802801, 2.5802524615590934, 3.0313473090477436, 3.6984081010158847, 2.8185029443349587, 2.6106089251824294, 2.464426576753346, 2.419480975538, 2.5607825639699913, 2.47794071271717, 2.71665422545614, 2.811342303917371, 2.2896471832380354, 1.3134852940906612, 1.6674447722245629, 1.5556905960907705, 1.972674814992744, 1.3956109144870177, 1.2746859807257616, 1.9842561642783583, 1.9419035785177436, 2.7980826795338847, 3.5535092725977546, 2.729502770742171, 3.2041213514876414, 3.9079809910330945, 3.7202627339836742, 5.400844879242741]
Variance: [0.0860770363027101, 0.08583019522002432, 0.14237374527367005, 0.11387179201707003, 0.11523087015343615, 0.1448653463235257, 0.058863812293090095, 0.14714924816997502, 0.10537051244582085, 0.13545844162757814, 0.18696191619261282, 0.2782987914652004, 0.16162877956350066, 0.13866450112764525, 0.12357010115293479, 0.11910395017163519, 0.13342187237143113, 0.12492904524176913, 0.15015867483509265, 0.1608085576107156, 0.10666422751627455, 0.03510202179045853, 0.05656979730507657, 0.049241139477031584, 0.07917584488288046, 0.039628758532579654, 0.033058880481711815, 0.08010823483142405, 0.07672501662394089, 0.15929522055361237, 0.2569192229500355, 0.15158237877594644, 0.20888129411825151, 0.3107324556409826, 0.28159761185725857, 0.593478586750523]
