rrse= 1.0835486116761501
rae= 0.8908532622432528