RSE= 1.2005881450957787
RAE= 1.3206775604623087