RSE= 0.9988831752308744
RAE= 0.8699879086414706