rrse= 1.0225838958841293
rae= 0.968215864980703